10023, 145, 50538
10022, 145, 50538
10021, 145, 50538
10021, 145, 50537
10021, 146, 50537
10021, 146, 50536
10021, 146, 50535
10021, 146, 50534
10022, 146, 50534
10023, 146, 50535
10023, 146, 50534
10023, 147, 50534
10023, 148, 50533
10023, 149, 50532
10023, 149, 50531
10023, 150, 50531
10024, 150, 50531
10023, 150, 50531
10023, 150, 50530
10024, 150, 50530
10024, 150, 50531
10025, 150, 50531
10025, 151, 50531
10026, 151, 50531
10027, 151, 50531
10027, 150, 50532
10028, 150, 50532
10028, 149, 50532
10029, 148, 50532
10029, 147, 50532
10028, 147, 50532
10029, 147, 50532
10029, 148, 50533
10030, 148, 50533
10031, 148, 50534
10031, 147, 50534
10032, 147, 50535
10032, 146, 50535
10032, 146, 50536
10031, 146, 50536
10032, 147, 50536
10032, 147, 50537
10032, 147, 50538
10033, 147, 50538
10033, 148, 50538
10034, 148, 50538
10034, 148, 50539
10034, 149, 50539
10034, 149, 50540
10035, 149, 50540
10035, 149, 50541
10035, 148, 50541
10036, 148, 50542
10036, 148, 50541
10035, 148, 50541
10036, 148, 50541
10036, 148, 50542
10037, 148, 50542
10037, 149, 50542
10038, 149, 50543
10038, 149, 50544
10039, 149, 50544
10039, 148, 50544
10039, 148, 50545
10039, 149, 50545
10040, 149, 50545
10040, 149, 50546
10040, 150, 50546
10040, 150, 50547
10040, 150, 50548
10040, 149, 50548
10040, 150, 50549
10040, 150, 50550
10040, 151, 50550
10040, 151, 50551
10041, 151, 50551
10040, 151, 50551
10039, 151, 50550
10039, 152, 50550
10038, 152, 50550
10037, 152, 50550
10036, 151, 50550
10036, 150, 50550
10035, 150, 50550
10035, 150, 50551
