10018, 136, 50536
10018, 136, 50535
10018, 136, 50534
10019, 136, 50534
10019, 136, 50533
10019, 137, 50532
10019, 137, 50531
10019, 138, 50531
10019, 138, 50530
10019, 139, 50530
10020, 139, 50530
10020, 139, 50529
10020, 139, 50528
10020, 139, 50527
10019, 139, 50527
10019, 139, 50526
10019, 139, 50525
10019, 140, 50525
10019, 140, 50524
10018, 140, 50524
10018, 140, 50523
10018, 140, 50522
10017, 140, 50522
10016, 140, 50522
10016, 140, 50523
10015, 140, 50523
10014, 140, 50523
10014, 141, 50523
10013, 141, 50523
10012, 141, 50523
10011, 141, 50523
10012, 141, 50523
10011, 141, 50523
10010, 142, 50522
10009, 142, 50522
10009, 143, 50522
10008, 143, 50522
10008, 144, 50522
10008, 144, 50521
10007, 144, 50521
10007, 144, 50522
10008, 144, 50522
10007, 144, 50521
10007, 144, 50520
10007, 145, 50520
10007, 145, 50519
10007, 145, 50518
10007, 145, 50517
10007, 145, 50518
10007, 145, 50517
10007, 145, 50516
10007, 146, 50516
10007, 146, 50515
10007, 146, 50514
10008, 146, 50514
10008, 146, 50513
10007, 146, 50513
10007, 146, 50514
10008, 146, 50514
10009, 147, 50514
10010, 147, 50515
10011, 148, 50515
10011, 148, 50516
10011, 149, 50516
10011, 150, 50517
10011, 151, 50518
10011, 151, 50519
10011, 151, 50518
10011, 151, 50517
10011, 152, 50517
10011, 152, 50516
10011, 152, 50515
10010, 152, 50515
10010, 151, 50515
10010, 151, 50514
10009, 151, 50514
10009, 151, 50513
10009, 152, 50513
10009, 152, 50512
10009, 152, 50511
10009, 152, 50510
10010, 152, 50510
10011, 152, 50511
10011, 153, 50511
10012, 153, 50511
10013, 153, 50511
10014, 153, 50511
10014, 153, 50510
10015, 154, 50510
10016, 154, 50510
10017, 154, 50510
10017, 154, 50509
10017, 155, 50509
10017, 155, 50508
10017, 156, 50508
10016, 156, 50508
10017, 156, 50508
10018, 156, 50508
10018, 157, 50509
10019, 157, 50509
10020, 157, 50509
10020, 156, 50509
10021, 156, 50509
10021, 155, 50509
10021, 154, 50510
10022, 153, 50510
10022, 152, 50510
10023, 151, 50510
10023, 150, 50510
10023, 150, 50511
10024, 150, 50511
10025, 150, 50510
10025, 151, 50510
10026, 151, 50510
10027, 151, 50510
10028, 151, 50510
10028, 150, 50510
10029, 149, 50510
10029, 148, 50510
10030, 147, 50510
10030, 147, 50511
10029, 147, 50511
