10019, 136, 50537
10019, 136, 50536
10019, 136, 50535
10019, 136, 50534
10019, 136, 50533
10019, 137, 50532
10019, 137, 50531
10019, 138, 50531
10019, 138, 50530
10019, 139, 50530
10019, 139, 50529
10020, 139, 50529
10020, 139, 50528
10020, 139, 50527
10019, 139, 50527
10019, 139, 50526
10019, 139, 50527
10018, 139, 50527
10018, 139, 50526
10018, 139, 50525
10018, 140, 50525
10018, 140, 50524
10018, 140, 50523
10018, 140, 50522
10017, 140, 50522
10016, 140, 50522
10015, 140, 50522
10015, 140, 50521
10015, 141, 50520
10016, 141, 50520
10016, 141, 50519
10016, 141, 50518
10017, 141, 50518
10017, 142, 50518
10018, 142, 50518
10019, 142, 50518
10019, 142, 50519
10020, 142, 50519
10020, 142, 50520
10020, 143, 50520
10020, 143, 50521
10020, 143, 50522
10020, 143, 50523
10021, 143, 50524
10021, 144, 50524
10021, 144, 50525
10022, 144, 50525
10022, 144, 50526
10022, 143, 50526
10023, 143, 50527
10024, 143, 50527
10024, 144, 50527
10025, 144, 50527
10024, 144, 50527
10024, 144, 50526
10025, 144, 50526
10026, 144, 50526
10027, 145, 50526
10028, 145, 50526
10029, 145, 50526
10030, 145, 50526
10030, 145, 50527
10030, 145, 50526
10030, 145, 50525
10030, 146, 50525
10030, 146, 50524
10030, 147, 50524
10030, 148, 50523
10030, 148, 50522
10029, 148, 50522
10028, 148, 50522
10028, 149, 50522
10027, 149, 50522
10026, 149, 50522
10026, 148, 50522
10025, 148, 50522
10025, 148, 50523
10024, 148, 50523
10025, 148, 50523
10025, 148, 50524
10025, 148, 50525
10025, 149, 50525
10025, 149, 50526
10026, 149, 50526
10026, 149, 50527
10026, 149, 50528
10026, 148, 50528
10026, 148, 50529
10027, 148, 50529
10027, 149, 50529
10027, 149, 50528
10027, 149, 50529
10028, 149, 50529
10028, 149, 50530
10028, 148, 50531
10028, 147, 50531
10028, 147, 50532
10029, 147, 50532
10028, 147, 50532
10028, 147, 50533
10027, 147, 50533
10027, 148, 50533
10026, 148, 50533
10026, 148, 50534
10025, 148, 50534
10024, 147, 50534
10024, 147, 50535
10023, 146, 50535
10022, 146, 50535
10021, 146, 50535
10021, 146, 50536
10021, 146, 50537
10021, 145, 50537
10021, 145, 50538
10022, 145, 50538
10022, 145, 50539
10023, 145, 50539
10023, 145, 50538