10018, 136, 50537
10018, 136, 50536
10018, 136, 50535
10019, 136, 50535
10019, 136, 50534
10019, 136, 50533
10019, 137, 50532
10019, 138, 50531
10019, 138, 50530
10019, 139, 50530
10020, 139, 50530
10020, 139, 50529
10020, 139, 50528
10020, 139, 50527
10019, 139, 50527
10019, 139, 50526
10019, 139, 50525
10019, 140, 50525
10019, 140, 50524
10018, 140, 50524
10018, 140, 50523
10018, 140, 50522
10017, 140, 50522
10016, 140, 50522
10015, 140, 50522
10014, 140, 50522
10014, 141, 50522
10013, 141, 50522
10012, 141, 50522
10011, 141, 50522
10010, 142, 50522
10009, 142, 50522
10009, 143, 50522
10008, 144, 50521
10007, 144, 50521
10007, 144, 50520
10007, 145, 50520
10007, 145, 50519
10007, 145, 50518
10007, 145, 50517
10007, 145, 50516
10007, 146, 50515
10008, 146, 50514
10008, 146, 50513
10007, 146, 50513
10008, 146, 50514
10008, 147, 50514
10009, 147, 50514
10010, 147, 50514
10010, 147, 50515
10010, 148, 50515
10011, 148, 50515
10011, 149, 50516
10010, 149, 50517
10010, 150, 50517
10010, 150, 50518
10010, 151, 50518
10010, 151, 50519
10010, 151, 50518
10010, 151, 50517
10010, 152, 50517
10010, 152, 50516
10010, 152, 50515
10010, 151, 50515
10010, 151, 50514
10010, 151, 50513
10010, 152, 50513
10010, 152, 50512
10010, 152, 50511
10010, 152, 50510
10011, 152, 50510
10011, 153, 50510
10012, 153, 50510
10013, 153, 50510
10014, 153, 50510
10014, 154, 50510
10015, 154, 50510
10016, 154, 50510
10017, 154, 50510
10017, 154, 50509
10017, 155, 50509
10017, 155, 50508
10017, 156, 50508
10016, 156, 50508
10017, 156, 50508
10017, 156, 50509
10017, 157, 50509
10018, 157, 50509
10018, 157, 50510
10019, 156, 50510
10019, 155, 50511
10020, 154, 50511
10020, 153, 50511
10019, 153, 50511
10019, 153, 50512
10020, 153, 50512
10020, 154, 50513
10021, 154, 50513
10021, 154, 50514
10022, 154, 50514
10022, 153, 50515
10022, 152, 50515
10022, 153, 50516
10022, 153, 50517
10022, 154, 50517
10023, 154, 50518
10023, 155, 50518
10023, 155, 50519
10022, 155, 50519
10021, 155, 50519
10021, 155, 50520
10021, 155, 50521
10022, 155, 50521
10022, 155, 50522
10021, 155, 50522
10022, 155, 50522
10022, 155, 50523
10023, 155, 50523
10023, 156, 50523
10024, 156, 50523
10025, 156, 50523
10025, 157, 50523
10024, 157, 50524
10024, 158, 50524
10024, 159, 50525
10024, 159, 50526
10024, 160, 50526
10024, 160, 50527
10025, 160, 50527
10026, 161, 50527
10026, 161, 50528
10026, 161, 50527
10026, 161, 50528
10026, 161, 50527
10025, 161, 50527
10025, 161, 50526
10025, 162, 50526
10025, 162, 50525
10025, 162, 50524
10024, 162, 50524
10024, 161, 50523
10024, 160, 50522
10024, 160, 50523
10023, 160, 50523
10022, 160, 50523
10022, 161, 50523
10021, 161, 50523
10021, 161, 50524
10020, 161, 50524
10020, 160, 50524
10019, 160, 50524
10019, 159, 50524
10018, 158, 50525
10018, 159, 50525
10019, 159, 50525
10019, 159, 50526
10019, 160, 50526
10019, 160, 50527
10019, 160, 50526
10020, 160, 50527
10020, 161, 50527
10020, 161, 50528
10021, 161, 50528
10021, 161, 50529
10021, 160, 50529
10022, 159, 50530
10021, 159, 50530
10021, 160, 50530
10021, 160, 50529
10020, 160, 50530
10020, 161, 50530
10019, 161, 50530
10018, 161, 50530
10018, 161, 50531
10018, 161, 50532
10018, 162, 50532
10017, 162, 50532
10017, 162, 50533
10017, 162, 50534
10017, 161, 50534
10016, 161, 50534
10016, 161, 50535
10016, 161, 50536
10015, 161, 50536
10015, 162, 50536
10014, 162, 50536
10014, 163, 50536
10013, 163, 50536
10014, 163, 50536
10014, 163, 50537
10014, 164, 50537
10015, 164, 50537
10015, 164, 50538
10016, 164, 50538
10016, 163, 50539
10015, 163, 50539
10016, 163, 50539
10017, 163, 50539
10017, 164, 50539
10018, 164, 50539
10019, 164, 50539
10019, 165, 50538
10019, 165, 50537
10020, 164, 50536
10020, 164, 50535
10019, 164, 50535
10019, 164, 50534
10019, 164, 50535
10018, 164, 50535
10018, 164, 50534
10018, 164, 50533
10018, 165, 50533
10017, 165, 50533
10017, 165, 50532
10017, 165, 50531
10017, 164, 50531
10017, 164, 50530
10016, 164, 50530
10016, 164, 50531
10015, 164, 50531
10015, 164, 50530
10015, 165, 50530
10014, 165, 50530
10014, 165, 50529
10013, 165, 50529
10013, 164, 50529
10013, 164, 50528
10013, 164, 50527
10013, 165, 50527
10013, 165, 50526
10013, 165, 50525
10013, 165, 50524
10013, 166, 50524
10013, 166, 50523
10013, 166, 50522
10013, 165, 50522
10014, 165, 50522
10013, 165, 50522
10013, 165, 50523
10014, 165, 50523
10015, 165, 50523
10015, 166, 50523
10016, 166, 50523
10017, 166, 50522
10017, 165, 50522
10018, 165, 50522
10019, 166, 50522
10020, 166, 50522
10021, 166, 50522
10021, 165, 50522
10022, 164, 50522
10022, 163, 50522
10021, 163, 50522
10021, 164, 50522
10020, 165, 50521
10019, 165, 50521
10019, 165, 50520
10019, 164, 50520
10019, 163, 50520
10019, 162, 50520
10019, 162, 50519
10019, 162, 50518
10018, 162, 50518
10018, 162, 50519
10019, 162, 50519
10020, 162, 50519
10020, 163, 50519
10021, 163, 50519
10022, 163, 50519
10023, 163, 50519
10023, 162, 50519
10024, 162, 50519
10025, 162, 50519
10024, 162, 50519
10025, 162, 50519
10025, 163, 50519
10026, 163, 50519
10027, 163, 50519
10027, 162, 50519
10028, 162, 50519
10029, 162, 50519
10030, 162, 50519
10031, 162, 50519
10031, 163, 50519
10032, 163, 50519
10033, 163, 50519
10033, 162, 50519
10033, 162, 50520
10032, 162, 50520
10032, 163, 50520
10032, 163, 50519
10031, 163, 50519
10032, 163, 50519
10033, 164, 50519
10034, 164, 50519
10034, 164, 50518
10035, 164, 50518
10035, 163, 50518
10036, 163, 50518
10036, 162, 50518
10036, 161, 50518
10037, 160, 50518
10037, 160, 50519
10037, 160, 50518
10037, 161, 50517
10038, 161, 50517
10038, 161, 50516
10038, 161, 50515
10038, 160, 50515
10038, 160, 50514
10038, 161, 50513
10038, 161, 50512
10038, 161, 50511
10038, 160, 50511
10038, 160, 50510
10037, 160, 50510
10037, 161, 50510
10036, 162, 50510
10035, 162, 50510
10034, 162, 50510
10035, 162, 50510
10034, 162, 50510
10033, 162, 50510
10033, 163, 50510
10032, 163, 50510
10031, 163, 50510
10030, 162, 50510
10030, 162, 50511
10029, 162, 50511
10029, 163, 50511
10028, 163, 50511
10027, 163, 50511
10027, 164, 50511
10026, 164, 50511
10026, 165, 50511
10026, 165, 50512
10026, 165, 50511
10026, 165, 50512
10026, 165, 50511
10025, 165, 50511
10025, 165, 50510
10025, 166, 50510
10025, 166, 50509
10025, 166, 50508
10024, 166, 50508
10024, 165, 50508
10024, 165, 50507
10024, 164, 50507
10023, 163, 50506
10023, 164, 50506
10023, 163, 50506
10023, 163, 50507
10023, 163, 50508
10023, 164, 50508
10023, 164, 50509
10023, 164, 50510
10023, 164, 50511
10023, 164, 50512
