=== mineshaft3_2 ===
1381, -16, 1258
1382, -16, 1258
1382, -16, 1259
1383, -16, 1259
1383, -16, 1260
1383, -16, 1261
1383, -16, 1262
1383, -16, 1263
1382, -16, 1264
1382, -16, 1265
1382, -16, 1266
1382, -16, 1267
1382, -16, 1268
1383, -16, 1268
1384, -16, 1268
1385, -16, 1268
1385, -16, 1267
1386, -16, 1268
1387, -16, 1268
1388, -16, 1268
1389, -16, 1268
1390, -16, 1268
1391, -16, 1268
1392, -16, 1268
1393, -16, 1268
1394, -16, 1268
1395, -16, 1268
1396, -16, 1268
1397, -16, 1268
1398, -16, 1268
1399, -16, 1268
1400, -16, 1268
1401, -16, 1268
1402, -16, 1268
1403, -16, 1268
1404, -16, 1268
1405, -16, 1268
1406, -16, 1268
1407, -16, 1268
1408, -16, 1268
1408, -16, 1267
1409, -16, 1267
1409, -16, 1266
1410, -16, 1266
1411, -16, 1266
1412, -16, 1266
1413, -16, 1266
1413, -15, 1266
1414, -15, 1266
1415, -15, 1266
1415, -15, 1267
1415, -14, 1267
1416, -14, 1267
1417, -14, 1267
1417, -13, 1267
1418, -13, 1267
1418, -13, 1268
1419, -13, 1268
1419, -12, 1268
1419, -12, 1269
1420, -12, 1269
1420, -11, 1269
1421, -11, 1269
1421, -11, 1270
1422, -11, 1271
1422, -10, 1271
1423, -10, 1271
1423, -10, 1272
1423, -9, 1273
1423, -9, 1274
1424, -9, 1274
1424, -8, 1274
1425, -8, 1274
1425, -8, 1275
1425, -7, 1276
1425, -7, 1277
1425, -6, 1277
1425, -6, 1278
1425, -6, 1279
1425, -6, 1280
1425, -5, 1280
1425, -5, 1281
1426, -5, 1281
1426, -5, 1282
1426, -5, 1283
1426, -5, 1284
1425, -5, 1284
1425, -5, 1285
1425, -5, 1286
1425, -5, 1287
1425, -5, 1288
1425, -5, 1289
1424, -5, 1289
1424, -5, 1290
1424, -6, 1290
1424, -6, 1291
1424, -7, 1291
1424, -7, 1292
1424, -7, 1293
1423, -7, 1293
1423, -8, 1293
1423, -8, 1294
1423, -8, 1295
1422, -8, 1295
1422, -9, 1295
1422, -9, 1296
1421, -9, 1296
1421, -9, 1297
1421, -10, 1297
1421, -10, 1298
1420, -10, 1298
1420, -10, 1299
1420, -11, 1299
1419, -11, 1299
1419, -11, 1300
1419, -11, 1301
1419, -10, 1302
1418, -10, 1302
1418, -10, 1303
1418, -11, 1304
1418, -12, 1304
1418, -12, 1305
1418, -13, 1305
1417, -13, 1306
1417, -13, 1307
1417, -13, 1308
1416, -13, 1308
1416, -13, 1309
1416, -13, 1310
1415, -13, 1310
1415, -13, 1311
1415, -14, 1311
1415, -14, 1312
1415, -15, 1312
1414, -15, 1313
1414, -16, 1313
1414, -16, 1314
1414, -17, 1314
1414, -17, 1315
1414, -18, 1315
1413, -18, 1315
1413, -18, 1316
1413, -19, 1316
1413, -20, 1317
1413, -21, 1317
1413, -21, 1318
1413, -22, 1318
1413, -22, 1319
1413, -22, 1320
1412, -23, 1320
1412, -23, 1321
1412, -22, 1322
1412, -23, 1322
1411, -23, 1322
1411, -23, 1323
1411, -23, 1324
1412, -23, 1324
1413, -23, 1325
1414, -23, 1325
1415, -23, 1325
1416, -23, 1325
1417, -23, 1325
1418, -23, 1325
1419, -23, 1325
1420, -23, 1325
1421, -23, 1325
1422, -23, 1325
1423, -23, 1325
1423, -23, 1326
1423, -22, 1326
1424, -22, 1326
1425, -22, 1326
1425, -22, 1325
1425, -22, 1324
1425, -22, 1323
1425, -22, 1322
1425, -22, 1321
1425, -22, 1320
1425, -22, 1319
1425, -22, 1318
1425, -22, 1317
1425, -22, 1316
1425, -22, 1315
1425, -22, 1314
1425, -22, 1313
1425, -22, 1312
1425, -22, 1311
1425, -21, 1311
1425, -21, 1310
1425, -21, 1309
1425, -20, 1309
1425, -20, 1308
1425, -19, 1308
1425, -19, 1307
1425, -18, 1307
1425, -18, 1306
1425, -17, 1306
1425, -17, 1305
1425, -17, 1304
1425, -17, 1303
1425, -17, 1302
1425, -17, 1301
1425, -17, 1300
1425, -17, 1299
1425, -17, 1298
1425, -17, 1297
1426, -17, 1297
1427, -17, 1297
1428, -17, 1297
1429, -17, 1297
1430, -17, 1297
1431, -17, 1297
1432, -17, 1297
1433, -17, 1297
1434, -17, 1297
1435, -17, 1297
1436, -17, 1297
1437, -17, 1297
1438, -17, 1297
1439, -17, 1297
1440, -17, 1297
1441, -17, 1297
1442, -17, 1297
1442, -17, 1296
1443, -17, 1296
1444, -17, 1296
1444, -17, 1295
1444, -17, 1294
1444, -17, 1293
1444, -17, 1292
1444, -17, 1291
1444, -17, 1290
1444, -17, 1289
1444, -18, 1289
1444, -18, 1288
1444, -18, 1287
1444, -18, 1286
1444, -18, 1285
1444, -18, 1284
1444, -18, 1283
1444, -18, 1282
1444, -18, 1281
1444, -18, 1280
1444, -18, 1279
1445, -18, 1278
1446, -18, 1278
1447, -18, 1278
1448, -18, 1278
1449, -18, 1278
1450, -19, 1278
1451, -19, 1278
1452, -19, 1278
1453, -19, 1278
1454, -19, 1278
1455, -19, 1278
1456, -19, 1278
1456, -19, 1279
1456, -18, 1279
1456, -18, 1280
1457, -18, 1280
1457, -18, 1281
1458, -18, 1282
1458, -19, 1283
1458, -20, 1283
1458, -20, 1284
1458, -21, 1284
1458, -20, 1284
1458, -20, 1285
1458, -21, 1285
1458, -22, 1285
1458, -22, 1286
1458, -22, 1287
1458, -23, 1287
1457, -23, 1287
1457, -23, 1288
1457, -23, 1289
1457, -23, 1290
1457, -23, 1291
1457, -23, 1292
1457, -23, 1293
1457, -23, 1294
1457, -23, 1295
1457, -23, 1296
1457, -23, 1297
1457, -23, 1298
1457, -23, 1299
1457, -23, 1300
1457, -23, 1301
1456, -23, 1301
1456, -23, 1302
1456, -23, 1303
1457, -23, 1303
1457, -22, 1304
1457, -22, 1305
1457, -22, 1306
1458, -22, 1306
1459, -22, 1306
1460, -22, 1306
1461, -22, 1306
1461, -22, 1305
1462, -22, 1305
1463, -22, 1305
1463, -22, 1304
1463, -22, 1303
1463, -21, 1303
1463, -21, 1302
1464, -21, 1302
1464, -21, 1301
1464, -21, 1300
1465, -21, 1300
1466, -21, 1300
1467, -21, 1300
1467, -22, 1300
1468, -22, 1300
1469, -22, 1300
1470, -22, 1300
1471, -22, 1300
1472, -22, 1300
1473, -22, 1300
1474, -22, 1300
1475, -22, 1300
1476, -22, 1300
1477, -22, 1300
1478, -22, 1300
1479, -22, 1300
1480, -22, 1300
1481, -22, 1300
1482, -22, 1300
1482, -23, 1300
1483, -23, 1300
1483, -23, 1299
1483, -23, 1298
1483, -23, 1297
1484, -23, 1297
1485, -23, 1297
1486, -23, 1297
1487, -23, 1297
1488, -23, 1297
1489, -23, 1297
1490, -23, 1297
1490, -23, 1296
1491, -23, 1296
1492, -23, 1296
1492, -22, 1296
1493, -22, 1296
1493, -22, 1295
1493, -21, 1295
1493, -21, 1294
1493, -21, 1293
1493, -20, 1293
1493, -20, 1292
1493, -20, 1291
1493, -20, 1290
1493, -20, 1289
1493, -20, 1288
1493, -20, 1287
1493, -20, 1286
1493, -20, 1285
1493, -20, 1284
1493, -21, 1283
1492, -21, 1283
1492, -21, 1282
1492, -22, 1282
1492, -22, 1281
1492, -22, 1280
1492, -22, 1279
1492, -23, 1279
1492, -23, 1278
1491, -23, 1278
1491, -23, 1277
1491, -24, 1277
1491, -24, 1276
1491, -25, 1276
1491, -25, 1275
1490, -26, 1274
1490, -26, 1273
1490, -27, 1273
1490, -27, 1272
1490, -28, 1272
1490, -28, 1271
1490, -28, 1272
1490, -28, 1271
1490, -27, 1271
1490, -27, 1270
1489, -27, 1270
1489, -27, 1269
1489, -28, 1269
1489, -28, 1268
1489, -29, 1268
1489, -29, 1267
1489, -28, 1267
1489, -28, 1266
1488, -28, 1266
1488, -28, 1265
1488, -29, 1265
1488, -29, 1264
1488, -28, 1263
1488, -28, 1262
1489, -28, 1262
1489, -29, 1261
1489, -28, 1261
1489, -28, 1260
1489, -28, 1259
1489, -27, 1258
1490, -27, 1258
1490, -27, 1259
1490, -27, 1260
1490, -27, 1259
1490, -27, 1258
1489, -27, 1258
1489, -27, 1257
1488, -26, 1256
1488, -26, 1255
1487, -26, 1255
1487, -25, 1255
1486, -25, 1255
1486, -24, 1255
1485, -24, 1255
1485, -23, 1255
1485, -22, 1255
1485, -22, 1254
1485, -21, 1254
1484, -21, 1254
1484, -20, 1254
1484, -20, 1253
1484, -19, 1253
1484, -18, 1253
1484, -18, 1252
1483, -18, 1252
1483, -17, 1252
1482, -17, 1252
1481, -17, 1252
1481, -16, 1252
1480, -16, 1252
1479, -16, 1252
1478, -16, 1252
1477, -16, 1252
1476, -16, 1252
1475, -16, 1252
1474, -16, 1253
1474, -15, 1253
1474, -15, 1254
1473, -15, 1254
1473, -16, 1255
1472, -16, 1255
1472, -15, 1255
1472, -15, 1256
1472, -14, 1256
1472, -14, 1257
1472, -13, 1257
1471, -13, 1257
1470, -13, 1257
1469, -13, 1257
1468, -13, 1257
1467, -13, 1257
1466, -13, 1257
1465, -13, 1257
1464, -13, 1257
1463, -13, 1257
1463, -13, 1258
1463, -13, 1259
1463, -12, 1259
1463, -12, 1260
1463, -13, 1261
1463, -13, 1262
1462, -13, 1262
1461, -13, 1262
1460, -13, 1262
1459, -13, 1262
1459, -13, 1261
1459, -13, 1260
1459, -13, 1259
1459, -13, 1258
1459, -12, 1257
1459, -12, 1256
1459, -13, 1256
1459, -13, 1255
1459, -13, 1254
1459, -13, 1253
1459, -12, 1252
1459, -12, 1251
1459, -13, 1251
1459, -13, 1250
1459, -13, 1249
1459, -13, 1248
1459, -14, 1248
1459, -14, 1247
1459, -15, 1247
1459, -15, 1246
1459, -16, 1246
1459, -17, 1246
1459, -17, 1245
1459, -17, 1244
1459, -17, 1243
1459, -17, 1242
1459, -17, 1241
1459, -17, 1240
1459, -17, 1239
1459, -17, 1238
1459, -17, 1237
1459, -17, 1236
1459, -17, 1235
1459, -17, 1234
1459, -17, 1233
1459, -17, 1232
1459, -17, 1231
1459, -17, 1230
1459, -17, 1229
1459, -17, 1228
1459, -17, 1227
1458, -17, 1226
1458, -17, 1225
1458, -17, 1224
1458, -18, 1224
1458, -18, 1223
1459, -18, 1222
1459, -18, 1221
1459, -18, 1220
1459, -18, 1219
1459, -18, 1218
1459, -18, 1217
1459, -18, 1216
1458, -18, 1216
1458, -18, 1215
1458, -18, 1214
1458, -18, 1213
1459, -18, 1212
1459, -18, 1211
1458, -18, 1211
1458, -18, 1210
1458, -18, 1209
1459, -18, 1208
1459, -18, 1207
1459, -18, 1206
1459, -18, 1205
1459, -18, 1204
1459, -18, 1203
1459, -18, 1202
1459, -18, 1201
1459, -18, 1200
1459, -18, 1199
1459, -18, 1198
1459, -18, 1197
1459, -18, 1196
1458, -18, 1196
1457, -18, 1196
1457, -18, 1197
1457, -19, 1197
1457, -20, 1197
1457, -20, 1198
1456, -20, 1198
1456, -20, 1199
1456, -20, 1200
1455, -20, 1200
1455, -20, 1201
1455, -20, 1202
1455, -20, 1203
1455, -20, 1204
1456, -21, 1204
1456, -21, 1205
1456, -22, 1205
1457, -22, 1205
1457, -22, 1206
1458, -22, 1206
1459, -22, 1206
1459, -23, 1206
1459, -23, 1205
1460, -23, 1205
1461, -23, 1204
1462, -23, 1204
1463, -23, 1204
1463, -23, 1203
1464, -23, 1203
1465, -23, 1203
1465, -23, 1202
1465, -22, 1202
1466, -22, 1202
1466, -23, 1202
1466, -22, 1202
1467, -22, 1202
1468, -22, 1202
1468, -21, 1202
1469, -21, 1202
1470, -21, 1202
1470, -21, 1203
1470, -20, 1203
1471, -20, 1203
1471, -20, 1204
1472, -20, 1204
1473, -20, 1205
1473, -19, 1206
1473, -19, 1207
1473, -19, 1208
1473, -18, 1208
1473, -18, 1209
1473, -18, 1210
1473, -18, 1211
1472, -18, 1211
1472, -17, 1211
1471, -17, 1211
1470, -17, 1211
1470, -16, 1211
1469, -16, 1211
1469, -15, 1211
1468, -15, 1211
1467, -14, 1211
1467, -14, 1210
1466, -14, 1210
1466, -13, 1210
1466, -13, 1209
1465, -13, 1209
1465, -13, 1208
1464, -13, 1208
1464, -13, 1207
1463, -13, 1207
1463, -13, 1206
1463, -13, 1205
1463, -13, 1204
1463, -12, 1204
1463, -12, 1203
1463, -12, 1202
1463, -12, 1201
1463, -12, 1200
1463, -12, 1199
1463, -13, 1199
1463, -13, 1198
1464, -13, 1198
1465, -13, 1198
1465, -13, 1197
1465, -13, 1196
1465, -13, 1195
1465, -13, 1194
1464, -13, 1194
1464, -13, 1193
1464, -13, 1192
1463, -13, 1191
1463, -13, 1190
1463, -13, 1189
1463, -13, 1188
1463, -13, 1187
1463, -13, 1186
1463, -13, 1185
1463, -13, 1184
1463, -13, 1183
1463, -13, 1182
1463, -13, 1181
1463, -14, 1180
1463, -15, 1179
1463, -16, 1179
1463, -16, 1178
1463, -17, 1178
1463, -17, 1177
1463, -17, 1176
1463, -18, 1175
1463, -18, 1174
1463, -18, 1173
1463, -18, 1172
1463, -18, 1171
1463, -18, 1170
1463, -18, 1169
1463, -18, 1168
1463, -18, 1167
1463, -18, 1166
1463, -18, 1165