=== mineshaft3_1 ===
1418, 78, 1264
1419, 78, 1264
1420, 78, 1264
1421, 78, 1264
1422, 78, 1264
1423, 78, 1264
1424, 78, 1264
1425, 78, 1264
1426, 78, 1264
1427, 78, 1264
1428, 78, 1264
1429, 78, 1264
1430, 78, 1264
1431, 78, 1264
1432, 78, 1264
1433, 78, 1264
1434, 78, 1264
1435, 78, 1264
1436, 78, 1264
1437, 78, 1264
1438, 78, 1264
1439, 78, 1264
1440, 78, 1264
1441, 78, 1264
1442, 78, 1264
1443, 78, 1264
1444, 78, 1264
1445, 78, 1264
1446, 78, 1264
1447, 78, 1264
1448, 78, 1264
1449, 78, 1264
1450, 78, 1264
1451, 78, 1264
1452, 78, 1264
1453, 78, 1264
1454, 78, 1264
1455, 78, 1264
1456, 78, 1264
1456, 78, 1265
1456, 78, 1266
1456, 78, 1267
1456, 78, 1268
1456, 78, 1269
1456, 78, 1270
1456, 78, 1271
1456, 78, 1272
1456, 78, 1273
1455, 78, 1274
1454, 78, 1274
1453, 78, 1274
1452, 78, 1274
1451, 78, 1275
1451, 78, 1276
1451, 78, 1277
1451, 78, 1278
1451, 78, 1279
1451, 78, 1280
1450, 78, 1280
1449, 78, 1280
1448, 78, 1280
1447, 78, 1280
1446, 78, 1280
1445, 78, 1280
1444, 78, 1280
1443, 78, 1280
1442, 78, 1280
1442, 78, 1281
1441, 78, 1282
1441, 78, 1283
1441, 78, 1284
1441, 78, 1285
1441, 78, 1286
1441, 78, 1287
1441, 78, 1288
1441, 78, 1289
1441, 78, 1290
1441, 78, 1291
1441, 78, 1292
1441, 78, 1293
1441, 78, 1294
1441, 78, 1295
1441, 78, 1296
1441, 78, 1297
1441, 78, 1298
1441, 78, 1299
1441, 78, 1300
1441, 78, 1301
1441, 78, 1302
1441, 78, 1303
1441, 78, 1304
1441, 78, 1305
1441, 78, 1306
1440, 78, 1307
1439, 78, 1307
1439, 78, 1306
1438, 78, 1306
1437, 78, 1306
1437, 78, 1307
1436, 78, 1307
1435, 78, 1307
1434, 78, 1307
1433, 78, 1307
1432, 78, 1307
1431, 78, 1307
1430, 78, 1307
1429, 78, 1307
1428, 78, 1307
1427, 78, 1307
1426, 78, 1307
1425, 78, 1307
1424, 78, 1307
1423, 78, 1307
1422, 78, 1307
1422, 78, 1306
1421, 78, 1306
1421, 78, 1305
1421, 78, 1304
1421, 78, 1303
1421, 78, 1302
1421, 78, 1301
1421, 77, 1301
1421, 76, 1301
1421, 77, 1301
1421, 76, 1301
1421, 75, 1301
1421, 74, 1301
1421, 73, 1301
1421, 72, 1300
1421, 72, 1299
1421, 72, 1298
1421, 72, 1297
1421, 72, 1296
1421, 72, 1295
1421, 72, 1294
1421, 72, 1293
1421, 72, 1292
1421, 72, 1291
1421, 72, 1290
1421, 72, 1289
1421, 72, 1288
1421, 72, 1287
1421, 72, 1286
1421, 72, 1285
1421, 72, 1284
1421, 72, 1283
1421, 72, 1282
1421, 72, 1281
1421, 72, 1280
1421, 72, 1279
1421, 72, 1278
1421, 72, 1277
1421, 72, 1276
1421, 72, 1275
1420, 72, 1275
1419, 72, 1275
1418, 72, 1275
1417, 72, 1275
1416, 72, 1275
1415, 72, 1275
1414, 72, 1275
1413, 72, 1275
1412, 72, 1275
1412, 72, 1274
1412, 72, 1273
1412, 72, 1272
1411, 72, 1272
1411, 72, 1271
1412, 72, 1270
1412, 72, 1269
1412, 72, 1268
1412, 72, 1267
1412, 72, 1266
1412, 72, 1265
1411, 72, 1264
1410, 72, 1264
1410, 72, 1263
1410, 72, 1262
1410, 72, 1261
1411, 72, 1261
1411, 72, 1260
1411, 72, 1259
1411, 72, 1258
1411, 72, 1257
1412, 72, 1257
1412, 72, 1256
1413, 72, 1256
1414, 72, 1256
1415, 72, 1256
1416, 72, 1256
1417, 72, 1256
1418, 72, 1256
1419, 72, 1256
1420, 72, 1256
1421, 72, 1256
1422, 72, 1256
1423, 72, 1256
1424, 72, 1256
1425, 72, 1256
1426, 72, 1256
1427, 72, 1256
1428, 72, 1256
1429, 72, 1256
1430, 72, 1256
1431, 72, 1256
1431, 72, 1255
1431, 72, 1254
1431, 72, 1253
1431, 72, 1252
1431, 72, 1251
1431, 72, 1250
1431, 72, 1249
1431, 72, 1248
1431, 72, 1247
1431, 72, 1246
1432, 72, 1246
1433, 72, 1246
1433, 72, 1245
1434, 72, 1245
1435, 72, 1245
1436, 72, 1245
1437, 72, 1245
1438, 72, 1245
1439, 72, 1245
1440, 72, 1245
1440, 71, 1245
1441, 71, 1245
1441, 70, 1245
1442, 70, 1245
1442, 69, 1245
1443, 69, 1245
1443, 68, 1245
1444, 68, 1245
1444, 67, 1245
1445, 67, 1245
1445, 66, 1245
1446, 66, 1245
1447, 66, 1245
1448, 65, 1245
1449, 65, 1245
1450, 65, 1245
1450, 65, 1246
1450, 65, 1247
1450, 65, 1248
1450, 64, 1248
1450, 64, 1249
1450, 64, 1250
1450, 63, 1250
1450, 63, 1251
1450, 62, 1251
1450, 62, 1252
1450, 61, 1252
1450, 61, 1253
1450, 60, 1253
1450, 60, 1254
1450, 59, 1254
1450, 59, 1255
1450, 59, 1256
1450, 58, 1256
1450, 58, 1257
1450, 58, 1258
1450, 58, 1259
1450, 58, 1260
1450, 58, 1261
1449, 58, 1261
1448, 58, 1261
1447, 58, 1261
1446, 58, 1261
1445, 58, 1261
1446, 58, 1261
1447, 58, 1261
1448, 58, 1261
1449, 58, 1261
1450, 58, 1261
1451, 58, 1261
1452, 58, 1261
1453, 58, 1261
1454, 58, 1261
1455, 58, 1261
1456, 58, 1261
1457, 58, 1260
1457, 58, 1259
1457, 57, 1258
1456, 57, 1258
1456, 57, 1257
1456, 56, 1257
1456, 56, 1256
1456, 55, 1256
1456, 55, 1255
1456, 54, 1254
1456, 53, 1253
1456, 53, 1252
1456, 52, 1252
1456, 52, 1251
1456, 52, 1250
1456, 51, 1249
1456, 50, 1248
1456, 49, 1248
1456, 49, 1247
1456, 49, 1246
1456, 49, 1245
1455, 49, 1245
1454, 49, 1245
1454, 49, 1244
1453, 49, 1244
1452, 49, 1244
1451, 49, 1244
1450, 49, 1244
1449, 49, 1244
1448, 49, 1244
1447, 49, 1244
1446, 49, 1244
1445, 49, 1244
1444, 49, 1244
1443, 49, 1244
1442, 49, 1244
1441, 49, 1244
1441, 48, 1244
1440, 48, 1244
1440, 47, 1244
1439, 47, 1244
1439, 46, 1244
1439, 45, 1244
1438, 45, 1244
1437, 45, 1244
1436, 45, 1244
1435, 45, 1244
1434, 45, 1244
1433, 45, 1244
1433, 46, 1244
1432, 46, 1244
1431, 46, 1244
1430, 46, 1244
1429, 46, 1244
1428, 46, 1244
1427, 46, 1244
1426, 46, 1244
1425, 46, 1244
1424, 46, 1244
1424, 46, 1243
1423, 46, 1243
1423, 46, 1242
1423, 45, 1242
1423, 45, 1241
1423, 45, 1240
1423, 45, 1239
1423, 45, 1238
1423, 45, 1237
1423, 46, 1237
1423, 46, 1236
1422, 46, 1236
1422, 46, 1235
1421, 46, 1235
1420, 46, 1235
1419, 46, 1235
1418, 46, 1235
1417, 46, 1235
1416, 46, 1235
1415, 46, 1235
1414, 46, 1235
1413, 46, 1235
1412, 46, 1235
1411, 46, 1235
1410, 46, 1235
1410, 47, 1235
1409, 47, 1235
1408, 47, 1235
1408, 47, 1236
1407, 47, 1236
1407, 47, 1237
1407, 47, 1238
1406, 47, 1238
1405, 47, 1238
1404, 47, 1238
1403, 47, 1238
1402, 47, 1238
1402, 47, 1239
1402, 48, 1239
1402, 48, 1240
1402, 48, 1241
1402, 49, 1241
1402, 49, 1242
1401, 49, 1242
1401, 50, 1242
1401, 50, 1243
1401, 50, 1244
1400, 50, 1244
1400, 50, 1243
1399, 50, 1243
1399, 50, 1244
1398, 50, 1244
1398, 50, 1245
1397, 50, 1245
1397, 50, 1246
1397, 49, 1246
1397, 49, 1247
1398, 49, 1248
1398, 49, 1249
1398, 49, 1250
1398, 49, 1251
1398, 49, 1252
1398, 49, 1253
1398, 49, 1254
1398, 49, 1255
1398, 49, 1256
1398, 49, 1257
1398, 49, 1258
1398, 49, 1259
1398, 49, 1260
1399, 49, 1260
1399, 49, 1261
1400, 49, 1261
1400, 50, 1261
1401, 50, 1260
1402, 50, 1260
1402, 51, 1260
1403, 51, 1260
1404, 51, 1260
1405, 51, 1260
1406, 51, 1260
1407, 51, 1260
1408, 51, 1260
1409, 51, 1260
1410, 51, 1260
1411, 51, 1260
1412, 51, 1260
1413, 51, 1260
1414, 51, 1260
1415, 51, 1260
1416, 51, 1260
1417, 51, 1260
1418, 51, 1260
1419, 51, 1260
1419, 51, 1261
1419, 51, 1262
1419, 51, 1263
1419, 51, 1264
1419, 51, 1265
1419, 51, 1266
1419, 51, 1267
1419, 51, 1268
1419, 51, 1269
1419, 51, 1270
1419, 51, 1271
1419, 51, 1272
1420, 51, 1272
1421, 51, 1272
1422, 51, 1272
1423, 51, 1272
1424, 51, 1272
1425, 51, 1272
1426, 51, 1272
1427, 51, 1271
1426, 51, 1271
1426, 51, 1270
1426, 51, 1269
1427, 51, 1269
1427, 51, 1268
1427, 51, 1267
1427, 51, 1266
1427, 51, 1265
1427, 51, 1264
1427, 51, 1263
1427, 51, 1262
1427, 51, 1261
1427, 51, 1260
1427, 50, 1259
1427, 49, 1258
1427, 48, 1258
1427, 47, 1258
1427, 47, 1257
1427, 47, 1256
1427, 47, 1255
1427, 47, 1254
1427, 47, 1253
1427, 47, 1252
1427, 47, 1251
1427, 46, 1251
1427, 46, 1250
1426, 46, 1250
1425, 46, 1250
1425, 46, 1249
1424, 46, 1249
1423, 46, 1249
1422, 46, 1249
1421, 46, 1249
1420, 46, 1249
1420, 46, 1250
1420, 46, 1251
1420, 46, 1252
1420, 47, 1252
1420, 47, 1253
1420, 47, 1254
1419, 47, 1254
1419, 47, 1255
1419, 47, 1256
1419, 47, 1257
1419, 47, 1258
1419, 47, 1259
1419, 47, 1260
1419, 47, 1261
1419, 47, 1262
1419, 47, 1263
1419, 47, 1264
1419, 47, 1265
1420, 47, 1266
1420, 47, 1267
1421, 47, 1267
1422, 47, 1268
1423, 47, 1268
1424, 47, 1268
1425, 47, 1268
1426, 47, 1268
1427, 47, 1268
1428, 47, 1268
1429, 47, 1268
1430, 47, 1268
1431, 47, 1268
1432, 47, 1268
1433, 47, 1268
1434, 47, 1268
1435, 47, 1268
1436, 47, 1268
1437, 47, 1268
1438, 47, 1268
1439, 47, 1268
1440, 47, 1268
1441, 47, 1268
1442, 47, 1268
1443, 48, 1268
1444, 48, 1268
1445, 48, 1268
1446, 48, 1269
1446, 48, 1270
1446, 47, 1270
1446, 47, 1271
1446, 47, 1272
1446, 47, 1273
1446, 47, 1274
1445, 47, 1274
1445, 47, 1275
1445, 47, 1276
1444, 47, 1276
1443, 47, 1275
1442, 47, 1275
1442, 47, 1276
1441, 47, 1276
1441, 47, 1277
1440, 47, 1277
1440, 47, 1278
1440, 47, 1279
1440, 47, 1280
1440, 47, 1281
1440, 47, 1282
1440, 47, 1283
1440, 47, 1284
1439, 47, 1285
1439, 47, 1286
1438, 47, 1286
1438, 46, 1286
1437, 46, 1286
1437, 45, 1286
1436, 44, 1286
1436, 43, 1286
1436, 42, 1286
1435, 42, 1286
1435, 41, 1287
1435, 40, 1287
1435, 39, 1287
1434, 38, 1287
1434, 37, 1287
1434, 36, 1287
1434, 35, 1287
1434, 34, 1287
1434, 33, 1287
1434, 32, 1288
1433, 32, 1288
1433, 31, 1288
1433, 31, 1289
1433, 30, 1289
1432, 30, 1289
1432, 29, 1289
1432, 29, 1290
1432, 28, 1290
1431, 28, 1290
1431, 27, 1290
1431, 27, 1291
1430, 27, 1291
1430, 26, 1291
1430, 26, 1292
1430, 25, 1292
1429, 25, 1292
1428, 25, 1292
1428, 25, 1293
1427, 25, 1293
1427, 25, 1294
1426, 25, 1294
1425, 25, 1294
1425, 26, 1294
1424, 26, 1294
1424, 27, 1294
1423, 27, 1294
1422, 27, 1294
1421, 27, 1294
1421, 28, 1294
1420, 28, 1294
1419, 28, 1294
1419, 29, 1294
1418, 29, 1294
1417, 30, 1294
1416, 30, 1294
1416, 30, 1295
1416, 31, 1295
1415, 31, 1295
1415, 32, 1295
1414, 32, 1295
1414, 33, 1295
1414, 34, 1295
1414, 35, 1295
1413, 35, 1295
1413, 36, 1295
1412, 36, 1295
1412, 37, 1295
1411, 37, 1295
1411, 38, 1295
1411, 38, 1296
1411, 39, 1296
1411, 40, 1296
1410, 40, 1296
1409, 40, 1296
1409, 40, 1295
1408, 40, 1295
1408, 41, 1295
1408, 42, 1295
1408, 43, 1295
1408, 44, 1295
1408, 44, 1294
1408, 43, 1294
1408, 44, 1294
1408, 44, 1293
1407, 44, 1293
1407, 44, 1292
1406, 44, 1292
1406, 44, 1291
1406, 44, 1290
1406, 44, 1289
1406, 44, 1288
1406, 44, 1287
1405, 44, 1286
1405, 45, 1285
1406, 45, 1284
1405, 45, 1283
1404, 45, 1283
1403, 45, 1283
1402, 45, 1283
1401, 45, 1283
1400, 45, 1283
1399, 45, 1283
1398, 45, 1283
1397, 45, 1283
1396, 45, 1283
1395, 45, 1283
1394, 45, 1283
1394, 45, 1284
1394, 45, 1285
1394, 45, 1286
1394, 45, 1287
1394, 45, 1288
1395, 45, 1288
1396, 45, 1288
1397, 45, 1288
1398, 45, 1288
1398, 45, 1289
1399, 45, 1289
1399, 45, 1290
1399, 45, 1291
1399, 45, 1292
1399, 45, 1293
1399, 45, 1294
1399, 45, 1295
1399, 45, 1296
1399, 45, 1297
1399, 45, 1298
1399, 45, 1299
1399, 45, 1300
1399, 45, 1301
1398, 45, 1301
1397, 45, 1301
1396, 45, 1301
1395, 45, 1301
1394, 45, 1301
1393, 45, 1301
1393, 44, 1301
1392, 44, 1301
1391, 44, 1300
1390, 44, 1300
1389, 44, 1300
1388, 44, 1300
1388, 44, 1299
1387, 43, 1299
1386, 43, 1299
1385, 43, 1299
1384, 43, 1298
1383, 43, 1298
1382, 43, 1298
1381, 43, 1298
1380, 43, 1298
1380, 43, 1297
1379, 43, 1297
1378, 43, 1297
1377, 43, 1297
1376, 43, 1297
1375, 43, 1297
1374, 43, 1298
1373, 43, 1298
1372, 43, 1298
1371, 43, 1298
1370, 43, 1298
1369, 43, 1298
1369, 42, 1298
1368, 42, 1298
1368, 41, 1298
1368, 40, 1298
1367, 39, 1298
1367, 38, 1298
1367, 37, 1298
1367, 36, 1298
1367, 35, 1298
1367, 34, 1298
1367, 33, 1298
1367, 32, 1299
1367, 30, 1299
1367, 29, 1299
1367, 28, 1299
1367, 27, 1299
1367, 25, 1299
1368, 24, 1299
1368, 22, 1299
1368, 21, 1299
1368, 19, 1299
1368, 17, 1299
1368, 16, 1299
1368, 14, 1299
1368, 12, 1299
1368, 10, 1299
1368, 9, 1299
1368, 7, 1299
1369, 7, 1300
1369, 8, 1300
1369, 7, 1300
1370, 7, 1301
1370, 8, 1301
1371, 8, 1301
1371, 8, 1300
1372, 8, 1300
1372, 8, 1299
1373, 8, 1299
1374, 8, 1299
1375, 8, 1299
1376, 8, 1299
1377, 8, 1299
1378, 8, 1299
1379, 8, 1299
1380, 8, 1299
1381, 8, 1299
1382, 8, 1299
1383, 8, 1299
1384, 8, 1299
1385, 8, 1299
1386, 8, 1299
1470, -5, 1314
1471, -5, 1314
1472, -5, 1314
1473, -5, 1314
1474, -5, 1314
1475, -5, 1314
1476, -5, 1314
1477, -5, 1314
1477, -5, 1313
1478, -5, 1313
1478, -5, 1312
1478, -5, 1311
1477, -6, 1311
1476, -6, 1310
1476, -7, 1310
1475, -7, 1309
1475, -8, 1309
1475, -8, 1308
1474, -8, 1308
1474, -9, 1308
1473, -9, 1308
1473, -10, 1308
1472, -10, 1307
1472, -11, 1307
1472, -12, 1307
1471, -12, 1306
1471, -13, 1306
1470, -13, 1306
1470, -14, 1305
1469, -14, 1305
1469, -15, 1305
1468, -15, 1305
1468, -16, 1305
1468, -17, 1305
1467, -17, 1305
1467, -18, 1305
1466, -18, 1305
1466, -19, 1305
1465, -20, 1305
1465, -21, 1305
1465, -22, 1305
1464, -22, 1305
1463, -22, 1305
1463, -22, 1306
1462, -22, 1306
1461, -22, 1306
1460, -22, 1306
1459, -22, 1306
1458, -22, 1306
1457, -22, 1306
1456, -22, 1306
1457, -22, 1306
1457, -22, 1305
1457, -22, 1304
1457, -22, 1303
1457, -23, 1303
1457, -23, 1302
1457, -23, 1301
1457, -23, 1300
1457, -23, 1299
1457, -23, 1298
1457, -23, 1297
1457, -23, 1296
1457, -23, 1295
1457, -23, 1294
1457, -23, 1293
1457, -23, 1292
1457, -23, 1291
1457, -23, 1290
1457, -23, 1289
1457, -23, 1288
1457, -22, 1287
1457, -22, 1286
1457, -22, 1285
1457, -21, 1285
1457, -21, 1284
1457, -20, 1284
1457, -20, 1283
1457, -19, 1283
1457, -19, 1282
1457, -18, 1282
1457, -18, 1281
1457, -18, 1280
1457, -18, 1279
1456, -19, 1279
1456, -19, 1278
1455, -19, 1278
1454, -19, 1278
1453, -19, 1278
1452, -19, 1278
1451, -19, 1278
1450, -19, 1278
1449, -19, 1278
1449, -18, 1278
1448, -18, 1278
1447, -18, 1278
1446, -18, 1278
1445, -18, 1278
1444, -18, 1278
1444, -18, 1279
1444, -18, 1280
1444, -18, 1281
1444, -18, 1282
1444, -18, 1283
1444, -18, 1284
1444, -18, 1285
1444, -18, 1286
1444, -18, 1287
1444, -18, 1288
1444, -18, 1289
1444, -17, 1289
1444, -17, 1290
1444, -17, 1291
1444, -17, 1292
1444, -17, 1293
1444, -17, 1294
1444, -17, 1295
1444, -17, 1296
1443, -17, 1296
1442, -17, 1297
1441, -17, 1297
1440, -17, 1297
1439, -17, 1297
1438, -17, 1297
1437, -17, 1297
1436, -17, 1297
1435, -17, 1297
1434, -17, 1297
1433, -17, 1297
1432, -17, 1297
1431, -17, 1297
1430, -17, 1297
1429, -17, 1297
1428, -17, 1297
1427, -17, 1297
1426, -17, 1297
1425, -17, 1298
1425, -17, 1299
1425, -17, 1300
1425, -17, 1301
1425, -17, 1302
1425, -17, 1303
1425, -17, 1304
1425, -17, 1305
1425, -17, 1306
1425, -18, 1307
1425, -19, 1307
1425, -19, 1308
1425, -20, 1308
1425, -20, 1309
1425, -21, 1309
1425, -21, 1310
1425, -21, 1311
1425, -22, 1311
1425, -22, 1312
1425, -22, 1313
1425, -22, 1314
1425, -22, 1315
1425, -22, 1316
1425, -22, 1317
1425, -22, 1318
1425, -22, 1319
1425, -22, 1320
1425, -22, 1321
1425, -22, 1322
1425, -22, 1323
1425, -22, 1324
1424, -22, 1324
1423, -22, 1324
1423, -23, 1324
1422, -23, 1324
1421, -23, 1325
1420, -23, 1325
1419, -23, 1325
1418, -23, 1325
1417, -23, 1325
1416, -23, 1325
1415, -23, 1325
1414, -23, 1325
1413, -23, 1325
1412, -23, 1325
1412, -23, 1324
1412, -23, 1323
1412, -24, 1323
1412, -24, 1322
1412, -25, 1322
1413, -25, 1322
1413, -24, 1322
1413, -24, 1321
1414, -24, 1321
1414, -23, 1320
1414, -23, 1319
1415, -22, 1319
1415, -22, 1318
1414, -22, 1318
1414, -21, 1318
1414, -21, 1317
1413, -21, 1317
1413, -20, 1317
1413, -19, 1317
1412, -19, 1317
1413, -19, 1317
1413, -18, 1317
1413, -18, 1316
1413, -19, 1316
1413, -20, 1316
1413, -20, 1317
1413, -19, 1317
1412, -19, 1317
1412, -18, 1317
1412, -18, 1316
1412, -17, 1316
1413, -17, 1316
1413, -17, 1315
1414, -16, 1314
1414, -16, 1313
1415, -16, 1313
1415, -15, 1313
1415, -15, 1312
1415, -14, 1312
1415, -14, 1311
1416, -14, 1311
1416, -13, 1311
1416, -13, 1310
1417, -13, 1309
1417, -13, 1308
1417, -13, 1307
1418, -13, 1306
1418, -13, 1305
1418, -13, 1304
1418, -13, 1303
1419, -12, 1303
1419, -12, 1302
1419, -12, 1301
1419, -11, 1301
1420, -11, 1301
1420, -11, 1300
1420, -11, 1299
1421, -11, 1299
1421, -10, 1299
1421, -10, 1298
1421, -10, 1297
1421, -9, 1297
1421, -9, 1296
1422, -9, 1296
1422, -9, 1295
1422, -8, 1295
1423, -8, 1295
1423, -8, 1294
1423, -8, 1293
1423, -7, 1293
1424, -7, 1293
1424, -7, 1292
1424, -7, 1291
1424, -6, 1291
1425, -6, 1291
1425, -6, 1290
1424, -6, 1290
1424, -5, 1290
1424, -5, 1289
1425, -5, 1288
1425, -5, 1287
1425, -5, 1286
1425, -5, 1285
1426, -5, 1284
1426, -5, 1283
1426, -5, 1282
1426, -5, 1281
1426, -5, 1280
1426, -6, 1279
1425, -6, 1278
1425, -6, 1277
1425, -7, 1277
1425, -7, 1276
1424, -7, 1275
1424, -8, 1275
1424, -8, 1274
1424, -9, 1274
1423, -9, 1274
1423, -9, 1273
1423, -10, 1273
1423, -10, 1272
1422, -10, 1272
1422, -10, 1271
1422, -11, 1271
1421, -11, 1270
1421, -11, 1269
1420, -11, 1269
1420, -12, 1269
1419, -12, 1269
1419, -12, 1268
1419, -13, 1268
1418, -13, 1267
1417, -13, 1267
1417, -14, 1267
1416, -14, 1267
1415, -14, 1267
1415, -15, 1267
1414, -15, 1267
1413, -15, 1267
1413, -15, 1266
1413, -16, 1266
1412, -16, 1266
1411, -16, 1266
1410, -16, 1266
1409, -16, 1267
1408, -16, 1267
1408, -16, 1268
1407, -16, 1268
1406, -16, 1268
1405, -16, 1268
1404, -16, 1268
1403, -16, 1268
1402, -16, 1268
1401, -16, 1268
1400, -16, 1268
1399, -16, 1268
1398, -16, 1268
1397, -16, 1268
1396, -16, 1268
1395, -16, 1268
1394, -16, 1268
1393, -16, 1268
1392, -16, 1268
1391, -16, 1268
1390, -16, 1268
1389, -16, 1268
1388, -16, 1268
1387, -16, 1268
1386, -16, 1268
1385, -16, 1268
1384, -16, 1268
1383, -16, 1268
1383, -16, 1267
1382, -16, 1267
1382, -16, 1266
1382, -16, 1265
1382, -16, 1264
1382, -16, 1263
1382, -16, 1262
1382, -16, 1261
1382, -16, 1260
1382, -16, 1259
1382, -16, 1258
1381, -16, 1258