-11645 37 12473
-11645 37 12472
-11646 37 12472
-11647 38 12472
-11647 38 12471
-11648 38 12471
-11648 38 12470
-11649 37 12470
-11649 36 12470
-11649 36 12469
-11649 35 12469
-11649 34 12469
-11649 33 12469
-11649 33 12468
-11649 32 12468
-11649 31 12468
-11649 30 12468
-11649 29 12467
-11649 27 12467
-11649 26 12467
-11649 25 12467
-11649 24 12466
-11649 23 12466
-11650 22 12466
-11650 21 12466
-11650 21 12465
-11650 20 12465
-11651 20 12465
-11651 20 12464
-11652 20 12464
-11652 19 12464
-11652 19 12463
-11653 19 12463
-11653 19 12462
-11654 19 12462
-11655 19 12462
-11655 18 12462
-11656 18 12462
-11656 18 12461
-11657 18 12461
-11658 18 12461
-11658 18 12460
-11659 18 12460
-11659 18 12459
-11660 18 12459
-11660 18 12458
-11660 18 12457
-11660 18 12456
-11660 18 12455
-11660 18 12454
-11660 19 12454
-11660 20 12454
-11660 21 12454
-11660 22 12454
-11660 23 12454
-11660 24 12454
-11660 25 12454
-11660 26 12454
-11661 26 12454
-11661 26 12453
-11661 26 12452
-11661 26 12451
-11661 26 12450
-11661 26 12449
-11661 26 12448
-11661 26 12447
-11661 26 12446
-11661 26 12445
-11661 26 12444
-11661 26 12443
-11661 26 12442
-11661 26 12441
-11661 27 12441
-11661 27 12440
-11661 28 12440
-11661 28 12439
-11661 29 12439
-11661 29 12438
-11661 30 12437
-11661 30 12436
-11661 30 12435
-11661 31 12435
-11661 31 12434
-11661 31 12433
-11662 31 12433
-11662 31 12432
-11662 31 12431
-11662 31 12430
-11662 31 12429
-11662 31 12428
-11662 31 12427
-11662 31 12426
-11662 31 12425
-11662 31 12424
-11662 31 12423
-11663 31 12423
-11663 30 12423
-11664 30 12423
-11664 29 12423
-11664 28 12423
-11664 27 12423
-11665 27 12423
-11666 27 12423
-11667 27 12423
-11668 27 12423
-11668 27 12422
-11667 27 12422
-11667 27 12421
-11667 28 12421
-11668 28 12421
-11668 29 12420
-11668 28 12420
-11668 29 12420
-11669 29 12420
-11670 29 12420
-11671 29 12420
-11672 29 12420
-11673 29 12420
-11673 29 12419
-11673 28 12419
-11674 28 12419
-11675 28 12419
-11676 28 12419
-11677 28 12419
-11677 28 12420
-11678 28 12420
-11678 28 12421
-11678 28 12422
-11678 28 12423
-11677 28 12423
-11678 28 12423
-11678 28 12422
-11678 28 12421
-11679 28 12421
-11679 28 12420
-11679 28 12419
-11679 28 12418
-11679 28 12417
-11679 28 12416
-11679 28 12415
-11679 28 12414
-11679 28 12413
-11679 28 12412
-11679 28 12411
-11679 28 12410
-11679 29 12410
-11679 29 12409
-11679 29 12408
-11679 28 12408
-11678 28 12408
-11678 28 12407
-11678 28 12406
-11678 28 12405
-11678 28 12404
-11678 29 12404
-11678 28 12404
-11677 28 12404
-11677 29 12403
-11677 29 12402
-11677 29 12401
-11677 28 12401
-11676 28 12401
-11676 29 12401
-11675 28 12401
-11674 28 12401
-11673 28 12401
-11672 29 12401
-11671 29 12401
-11670 29 12401
-11669 29 12401
-11668 29 12401
-11668 29 12402
-11667 29 12402
-11667 28 12402
-11666 28 12402
-11666 28 12401
-11666 27 12401
-11666 26 12401
-11666 26 12402
-11667 26 12402
-11666 26 12402
-11666 27 12402
-11665 27 12402
-11664 27 12402
-11663 27 12402
-11662 27 12402
-11661 27 12402
-11661 27 12401
-11660 27 12401
-11659 27 12401
-11658 27 12401
-11658 27 12402
-11658 27 12403
-11658 27 12404
-11659 27 12404
-11659 27 12405
-11659 27 12406
-11659 27 12407
-11659 27 12408
-11659 27 12409
-11659 27 12410
-11659 27 12411
-11659 27 12412
-11659 27 12413
-11659 27 12414
-11658 27 12414
-11658 28 12414
-11658 29 12414
-11658 30 12414
-11658 31 12414
-11658 32 12414
-11657 32 12414
-11656 32 12414
-11656 32 12413
-11655 32 12414
-11654 32 12414
-11654 32 12413
-11654 31 12413
-11653 30 12412
-11653 30 12411
-11653 30 12410
-11653 30 12409
-11654 30 12409
-11654 30 12408
-11654 30 12409
-11655 30 12409
-11655 31 12409
-11655 32 12410
-11655 32 12411
-11655 33 12411
-11655 34 12412
-11655 34 12413
-11655 35 12413
-11655 35 12414
-11655 36 12414
-11655 37 12415
-11655 37 12416
-11655 37 12417
-11655 37 12418
-11655 37 12419
-11655 37 12420
-11655 37 12421
-11655 38 12421
-11655 38 12422
-11656 38 12422
-11656 38 12423
-11657 37 12423
-11657 37 12424
-11657 37 12425
-11658 37 12425
-11658 37 12426
-11658 38 12426
-11659 38 12426
-11659 38 12427
-11659 38 12428
-11660 37 12428
-11660 37 12429
-11660 37 12430
-11660 38 12430
-11660 38 12431
-11661 38 12431
-11661 38 12432
-11661 38 12433
-11661 37 12433
-11661 37 12434
-11661 37 12435
-11661 37 12436
-11661 38 12436
-11661 38 12437
-11661 38 12438
-11661 37 12439
-11661 36 12440
-11661 35 12440
-11661 34 12440
-11661 33 12441
-11661 32 12441
-11661 31 12442
-11661 30 12442
-11661 29 12442
-11661 29 12443
-11661 29 12444
-11661 30 12444
-11661 30 12445
-11660 30 12445
-11660 31 12445
-11660 31 12446
-11660 32 12446
-11660 32 12447
-11661 32 12447
-11661 32 12448
-11661 32 12449
-11662 32 12449
-11663 32 12449
-11664 32 12449
-11664 32 12450
-11663 32 12450
-11663 32 12451
-11663 32 12452
-11663 32 12453
-11662 32 12453
-11661 32 12453
-11661 32 12454
-11661 32 12455
-11661 32 12456
-11661 32 12457
-11661 32 12458
-11661 32 12459
-11661 32 12460
-11661 32 12461
-11661 32 12462
-11661 32 12463
-11661 32 12464
-11662 32 12464
-11663 32 12464
-11664 32 12464
-11665 32 12464
-11666 32 12464
-11667 32 12464
-11668 32 12464
-11669 32 12464
-11670 32 12464
-11671 32 12464
-11672 32 12464
-11673 32 12464
-11674 32 12464
-11675 32 12464
-11676 31 12464
-11677 31 12464
-11677 30 12464
-11677 29 12465
-11677 28 12465
-11678 28 12465
-11678 28 12466
-11678 28 12467
-11678 28 12468
-11678 28 12469
-11678 28 12470
-11678 28 12471
-11678 28 12472
-11679 28 12472
-11679 28 12473
-11679 28 12474
-11679 28 12475
-11679 28 12476
-11680 28 12476
-11681 28 12476
-11681 28 12477
-11682 28 12477
-11683 28 12477
-11684 28 12477
-11685 28 12477
-11685 29 12477
-11686 29 12477
-11687 29 12477
-11688 29 12477
-11689 29 12477
-11690 29 12477
-11690 28 12477
-11691 28 12477
-11691 28 12478
