-11668 37 12472
-11667 37 12472
-11667 38 12472
-11666 38 12471
-11665 38 12471
-11665 38 12470
-11665 37 12470
-11664 37 12470
-11664 36 12470
-11664 35 12469
-11663 34 12469
-11663 33 12469
-11663 32 12468
-11663 31 12468
-11663 30 12468
-11663 29 12468
-11663 27 12468
-11663 26 12467
-11663 25 12467
-11663 24 12467
-11663 23 12467
-11663 23 12466
-11663 23 12465
-11662 23 12465
-11662 23 12464
-11661 23 12464
-11661 22 12464
-11661 22 12463
-11661 21 12463
-11660 21 12463
-11660 21 12462
-11660 20 12462
-11660 19 12461
-11659 18 12461
-11659 18 12460
-11659 18 12459
-11659 17 12459
-11660 17 12459
-11660 18 12459
-11660 18 12458
-11660 18 12457
-11660 18 12456
-11660 18 12455
-11660 18 12454
-11660 19 12454
-11660 20 12454
-11660 21 12454
-11660 22 12454
-11660 23 12454
-11660 24 12454
-11660 25 12454
-11660 26 12454
-11661 26 12454
-11661 26 12453
-11661 26 12452
-11661 26 12451
-11661 26 12450
-11661 26 12449
-11661 26 12448
-11661 26 12447
-11661 26 12446
-11660 26 12446
-11659 26 12446
-11659 26 12445
-11658 26 12445
-11657 26 12445
-11657 27 12445
-11656 27 12445
-11655 27 12445
-11655 28 12445
-11654 28 12446
-11653 28 12446
-11653 29 12446
-11653 29 12447
-11652 29 12447
-11652 29 12448
-11652 29 12449
-11652 29 12450
-11652 29 12451
-11652 29 12452
-11652 29 12453
-11652 29 12454
-11652 29 12455
-11652 29 12456
-11652 29 12457
-11652 29 12458
-11652 29 12459
-11652 29 12460
-11651 29 12460
-11650 29 12460
-11649 29 12460
-11648 29 12460
-11647 29 12460
-11646 29 12460
-11645 29 12460
-11644 29 12460
-11643 29 12460
-11642 29 12460
-11642 30 12460
-11642 31 12460
-11642 32 12460
-11643 32 12460
-11643 33 12460
-11643 34 12461
-11643 35 12461
-11643 36 12461
-11643 37 12461
-11644 37 12461
-11644 37 12460
-11645 37 12460
-11645 37 12461
-11646 37 12461
-11646 37 12462
-11646 37 12463
-11646 37 12464
-11646 37 12465
-11646 37 12466
-11647 37 12466
-11647 37 12467
-11648 37 12467
-11648 37 12468
-11649 38 12468
-11649 38 12469
-11650 38 12469
-11650 37 12470
-11649 37 12470
-11649 37 12469
-11650 37 12469
-11650 37 12470
-11649 37 12470
-11649 38 12471
-11649 38 12472
-11649 38 12473
-11649 37 12473
-11648 37 12473
-11647 37 12473
-11646 37 12473
-11645 37 12473
