=== sewer1 ===
-11651, 37, 12435
-11651, 37, 12434
-11652, 37, 12434
-11652, 37, 12433
-11652, 37, 12432
-11653, 37, 12432
-11653, 37, 12431
-11653, 37, 12430
-11653, 37, 12429
-11653, 37, 12428
-11654, 37, 12428
-11654, 37, 12429
-11655, 37, 12429
-11656, 37, 12429
-11657, 37, 12429
-11658, 37, 12429
-11659, 37, 12429
-11660, 37, 12429
-11661, 37, 12429
-11661, 37, 12430
-11661, 38, 12430
-11662, 38, 12430
-11662, 38, 12431
-11662, 38, 12432
-11662, 38, 12433
-11662, 37, 12433
-11662, 37, 12434
-11663, 37, 12434
-11663, 37, 12435
-11664, 37, 12435
-11665, 37, 12435
-11666, 37, 12435
-11667, 37, 12435
-11668, 37, 12435
-11668, 37, 12436
-11667, 37, 12437
-11667, 37, 12438
-11667, 37, 12439
-11667, 37, 12440
-11667, 37, 12441
-11667, 37, 12442
-11667, 37, 12443
-11667, 37, 12444
-11667, 37, 12445
-11666, 37, 12445
-11665, 37, 12445
-11664, 37, 12445
-11663, 37, 12445
-11663, 37, 12446
-11662, 37, 12446
-11662, 37, 12447
-11662, 37, 12448
-11661, 37, 12448
-11661, 37, 12449
-11661, 37, 12450
-11661, 37, 12451
-11661, 37, 12452
-11660, 37, 12452
-11660, 37, 12453
-11660, 37, 12454