-11660 37 12455
-11660 37 12454
-11661 37 12454
-11661 37 12453
-11661 37 12452
-11660 37 12452
-11660 37 12451
-11661 37 12450
-11661 37 12449
-11662 37 12448
-11662 37 12447
-11662 37 12446
-11663 37 12446
-11663 37 12445
-11664 37 12445
-11665 37 12445
-11666 37 12445
-11666 37 12444
-11667 37 12444
-11667 37 12443
-11667 37 12442
-11667 37 12441
-11667 37 12440
-11667 37 12439
-11668 37 12439
-11668 37 12438
-11667 37 12438
-11667 37 12437
-11666 37 12436
-11665 37 12436
-11664 37 12436
-11664 37 12435
-11663 37 12435
-11662 37 12435
-11661 37 12434
-11661 37 12433
-11661 38 12433
-11661 38 12432
-11661 38 12431
-11661 38 12430
-11660 38 12430
-11660 37 12430
-11659 37 12430
-11659 37 12429
-11658 37 12429
-11657 37 12429
-11656 37 12429
-11655 37 12429
-11654 37 12429
-11653 37 12429
-11653 37 12430
-11652 37 12430
-11652 37 12431
-11652 37 12432
-11652 37 12433
-11652 37 12434
-11651 37 12434
-11651 37 12435
-11651 37 12436
-11651 37 12437
-11651 37 12438
-11651 38 12438
-11651 38 12439
-11651 38 12440
-11651 37 12440
-11651 37 12441
-11651 38 12442
-11651 38 12443
-11651 37 12444
-11651 37 12445
-11651 38 12445
-11651 38 12446
-11652 38 12447
-11652 37 12447
-11652 37 12448
-11652 37 12449
-11652 37 12450
-11652 37 12451
-11652 37 12452
-11652 37 12453
-11652 37 12454
-11652 37 12455
-11652 37 12456
-11652 37 12457
-11652 37 12458
-11652 37 12459
-11652 37 12460
-11653 37 12460
-11654 37 12460
-11654 37 12461
-11655 37 12461
-11656 37 12461
-11657 37 12461
-11658 37 12460
-11659 37 12460
-11660 37 12460
-11661 37 12460
-11662 37 12460
-11663 37 12460
-11664 37 12460
-11665 37 12460
-11666 37 12460
-11667 37 12460
-11668 37 12461
-11668 37 12460
-11668 37 12461
-11668 37 12462
-11667 37 12462
-11667 36 12463
-11667 35 12463
-11667 34 12464
-11667 33 12464
-11667 33 12465
-11667 33 12464
-11666 33 12464
-11665 33 12464
-11664 33 12464
-11663 33 12464
-11662 33 12464
-11661 33 12464
-11660 33 12465
-11659 33 12465
-11658 33 12465
-11658 33 12464
-11657 33 12464
-11657 33 12465
-11656 33 12465
-11656 34 12465
-11656 34 12466
-11656 35 12466
-11656 36 12466
-11656 37 12466
-11657 37 12466
-11658 37 12466
-11659 37 12466
-11660 37 12466
-11661 37 12466
-11662 37 12466
-11662 37 12467
-11663 37 12467
-11663 37 12466
-11664 37 12466
-11665 37 12466
-11665 37 12467
-11666 37 12467
-11667 37 12467
-11668 37 12467
-11667 37 12467
-11666 37 12467
-11666 38 12468
-11665 38 12468
-11664 38 12468
-11664 38 12469
-11664 37 12469
-11663 37 12469
-11663 36 12469
-11663 35 12469
-11663 34 12469
-11663 33 12469
-11663 33 12470
-11663 32 12470
-11663 31 12470
-11663 30 12470
-11663 29 12470
-11663 27 12470
-11663 26 12470
-11663 25 12471
-11663 24 12471
-11663 23 12471
-11663 22 12471
-11663 21 12471
-11663 21 12472
-11662 21 12472
-11662 20 12472
-11661 20 12472
-11660 20 12472
-11660 21 12472
-11659 21 12472
-11659 22 12472
-11658 22 12472
-11658 23 12472
-11657 23 12472
-11656 23 12472
-11656 24 12472
-11655 24 12472
-11655 24 12473
-11654 24 12473
-11654 24 12474
-11654 24 12475
-11654 24 12476
-11654 24 12477
-11654 24 12478
-11654 25 12478
-11654 26 12478
-11655 27 12478
-11655 28 12478
-11655 29 12478
-11655 30 12478
-11655 31 12478
-11655 32 12478
-11655 33 12478
-11655 34 12478
-11655 35 12478
-11655 36 12478
-11655 37 12478
-11656 37 12478
-11656 37 12477
-11657 37 12477
-11658 37 12477
-11658 37 12476
-11658 37 12475
-11658 37 12474
-11658 37 12473
-11659 37 12473
-11659 37 12472
-11660 37 12472
-11660 37 12473
-11661 37 12473
-11662 37 12473
-11662 38 12474
-11663 38 12474
-11664 38 12474
-11664 38 12475
-11664 37 12475
-11665 37 12475
-11664 37 12475
-11665 37 12474
-11665 38 12474
-11666 38 12474
-11666 39 12473
-11667 39 12473
-11667 38 12473
-11667 38 12472
-11668 37 12472
