1692 14 1206
1692 14 1205
1655 157 1465
1655 157 1464
1655 157 1463
1654 157 1463
1654 157 1462
1653 157 1462
1652 157 1462
1652 156 1462
1651 156 1462
1651 155 1462
1651 154 1461
1650 153 1461
1650 152 1461
1650 151 1461
1650 150 1460
1649 150 1460
1649 149 1460
1648 149 1460
1647 149 1460
1647 149 1459
1646 149 1459
1645 150 1459
1644 150 1459
1643 150 1459
1642 150 1459
1642 150 1458
1641 150 1459
1640 150 1459
1640 151 1459
1639 151 1459
1638 151 1459
1639 151 1459
1640 151 1459
1641 151 1460
1641 150 1460
1641 150 1461
1641 149 1461
1641 149 1462
1641 148 1462
1641 147 1462
1641 147 1463
1641 146 1464
1641 145 1464
1641 144 1465
1641 144 1466
1641 144 1467
1641 144 1468
1641 144 1469
1640 144 1469
1640 144 1470
1640 144 1471
1640 144 1472
1640 144 1473
1640 145 1473
1640 145 1474
1640 145 1475
1640 145 1476
1640 145 1477
1640 145 1478
1640 146 1479
1640 146 1480
1640 146 1481
1640 147 1481
1640 147 1482
1640 147 1483
1640 146 1483
1640 146 1484
1640 146 1485
1640 146 1486
1640 145 1487
1640 145 1488
1640 146 1488
1640 146 1489
1640 146 1490
1640 146 1491
1640 146 1492
1640 146 1493
1640 146 1494
1640 146 1495
1640 146 1496
1640 146 1497
1640 145 1497
1640 145 1498
1640 144 1499
1640 144 1500
1640 144 1501
1640 144 1502
1640 144 1503
1640 144 1504
1640 144 1505
1640 143 1505
1640 143 1506
1640 143 1507
1640 144 1508
1640 144 1509
1640 145 1510
1640 144 1510
1640 144 1511
1640 143 1511
1640 143 1512
1640 143 1513
1640 143 1514
1640 142 1514
1640 143 1515
1639 143 1515
1639 142 1515
1639 142 1516
1639 142 1517
1639 142 1518
1638 142 1518
1638 142 1519
1638 143 1519
1638 143 1520
1637 143 1520
1637 143 1521
1636 143 1522
1635 144 1522
1635 144 1523
1634 144 1523
1634 144 1524
1634 143 1524
1633 143 1524
1633 144 1525
1632 144 1525
1632 144 1526
1631 144 1526
1631 143 1526
1631 143 1527
1630 144 1527
1630 144 1528
1629 144 1528
1629 144 1529
1628 144 1529
1628 144 1530
1628 143 1530
1627 143 1531
1627 144 1531
1627 144 1532
1626 144 1532
1626 144 1533
1626 143 1533
1625 143 1534
1625 143 1535
1625 144 1535
1624 144 1535
1624 144 1536
1624 144 1537
1623 144 1537
1623 143 1537
1623 143 1538
1623 142 1538
1622 142 1539
1622 143 1539
1621 143 1539
1621 142 1539
1621 142 1540
1620 142 1540
1620 141 1540
1620 141 1541
1619 141 1541
1619 140 1542
1619 141 1542
1619 141 1543
1618 141 1544
1618 141 1545
1617 141 1545
1617 141 1546
1617 141 1547
1616 141 1547
1616 142 1548
1615 142 1549
1615 142 1550
1614 142 1550
1614 142 1551
1614 142 1552
1613 142 1552
1613 142 1553
1613 143 1554
1612 143 1555
1612 143 1556
1612 144 1556
1612 144 1557
1612 144 1558
1611 144 1559
1611 143 1559
1611 144 1559
1611 145 1559
1611 144 1559
1611 144 1560
1611 145 1560
1611 145 1561
1610 145 1561
1610 145 1562
1610 146 1562
1609 146 1562
1609 146 1563
1609 147 1563
1609 147 1564
1608 147 1564
1608 147 1565
1608 147 1566
1608 146 1566
1608 146 1567
1607 146 1567
1607 146 1568
1607 145 1568
1607 145 1569
1607 145 1570
1607 146 1571
1607 146 1572
1607 146 1573
1607 146 1574
1607 147 1574
1607 147 1575
1607 147 1576
1607 146 1577
1608 146 1577
1608 146 1578
1608 147 1579
1607 147 1579
1607 147 1580
1607 147 1581
1607 146 1581
1607 146 1582
1607 146 1583
1607 147 1583
1607 147 1584
1607 147 1585
1606 147 1585
1606 146 1586
1606 145 1587
1606 146 1588
1606 146 1589
1606 146 1590
1606 146 1591
1606 146 1592
1606 147 1592
1606 147 1593
1605 147 1593
1605 147 1594
1605 146 1595
1604 146 1595
1604 146 1596
1604 147 1596
1604 147 1597
1604 147 1598
1604 147 1599
1604 146 1599
1603 146 1599
1603 146 1600
1603 145 1600
1603 145 1601
1604 145 1601
1604 145 1602
1604 146 1602
1604 146 1603
1604 146 1604
1604 146 1605
1604 147 1605
1603 147 1605
1603 147 1606
1603 146 1606
1602 146 1606
1602 146 1607
1602 147 1608
1602 147 1609
1601 147 1609
1601 147 1610
1601 146 1610
1601 146 1611
1601 147 1611
1601 147 1612
1600 147 1612
1600 147 1613
1600 146 1614
1599 146 1615
1599 147 1615
1599 147 1616
1598 147 1616
1598 147 1617
1598 146 1617
1597 146 1617
1597 145 1618
1597 145 1619
1596 146 1619
1596 146 1620
1595 146 1621
1595 146 1622
1595 147 1622
1594 147 1622
1593 147 1622
1592 147 1622
1592 147 1623
1591 147 1623
1591 147 1624
1590 147 1624
1590 148 1624
1589 148 1624
1589 148 1625
1589 149 1625
1590 149 1626
1590 149 1627
1590 150 1627
1589 150 1627
1588 150 1627
1588 151 1627
1588 151 1628
1587 152 1628
1587 152 1629
1586 152 1630
1586 152 1631
1586 151 1631
1586 152 1632
1586 152 1633
1586 153 1633
1586 152 1634
1586 152 1635
1585 152 1636
1585 153 1636
1585 153 1637
1585 153 1638
1585 152 1639
1585 152 1640
1585 152 1641
1585 152 1642
1585 152 1643
1585 151 1644
1584 151 1644
1584 151 1645
1584 150 1645
1584 150 1646
1584 150 1647
1584 150 1648
1583 150 1648
1583 149 1648
1583 149 1649
1583 150 1650
1583 150 1651
1583 150 1652
1584 150 1653
1584 149 1653
1584 149 1654
1584 149 1655
1584 149 1656
1584 149 1657
1584 149 1658
1584 149 1659
1584 150 1659
1584 150 1660
1584 150 1661
1584 149 1662
1585 149 1662
1585 148 1663
1585 147 1663
1585 148 1663
1585 149 1663
1585 148 1663
1585 148 1664
1585 149 1664
1585 149 1665
1585 149 1666
1584 150 1667
1584 150 1668
1584 150 1669
1584 149 1669
1584 149 1670
1584 149 1671
1583 149 1671
1583 149 1672
1583 148 1673
1583 148 1674
1583 147 1674
1583 147 1675
1584 147 1675
1584 146 1675
1584 145 1676
1584 144 1676
1584 143 1676
1584 142 1677
1584 141 1677
1584 140 1677
1584 139 1677
1584 138 1678
1584 137 1678
1584 137 1679
1584 137 1680
1584 137 1681
1584 136 1681
1584 136 1682
1585 137 1682
1585 137 1683
1585 137 1684
1585 137 1685
1584 137 1686
1584 138 1686
1584 138 1687
1584 138 1688
1583 138 1688
1583 137 1688
1583 137 1689
1583 137 1690
1583 138 1690
1582 138 1691
1582 138 1692
1581 137 1692
1581 136 1692
1580 136 1693
1579 136 1693
1579 136 1694
1578 136 1694
1577 136 1694
1577 136 1695
1576 136 1695
1575 136 1695
1575 136 1696
1574 136 1695
1573 136 1695
1573 136 1696
1572 136 1696
1572 137 1696
1571 137 1696
1570 137 1696
1570 136 1696
1569 136 1696
1568 137 1696
1567 137 1696
1567 137 1697
1566 137 1697
1566 136 1697
1565 136 1697
1564 136 1697
1563 136 1697
1563 136 1698
1563 136 1697
1563 136 1698
1562 136 1698
