1656 157 1466
1655 157 1466
1655 157 1465
1654 157 1465
1654 157 1464
1653 157 1464
1652 157 1464
1652 157 1463
1652 156 1463
1651 156 1463
1651 155 1463
1651 154 1462
1650 153 1462
1650 152 1462
1650 151 1462
1650 150 1462
1649 150 1462
1649 150 1461
1649 149 1461
1648 149 1461
1647 149 1461
1647 149 1460
1646 149 1460
1645 149 1460
1645 149 1459
1644 150 1459
1643 150 1459
1642 150 1459
1641 150 1458
1640 150 1458
1641 150 1458
1641 150 1459
1642 150 1459
1642 150 1460
1642 150 1461
1642 149 1462
1641 148 1462
1641 147 1462
1641 147 1463
1641 146 1463
1641 146 1464
1641 145 1464
1640 145 1465
1640 144 1465
1640 144 1466
1640 144 1467
1639 144 1467
1639 144 1468
1639 143 1468
1639 143 1469
1639 143 1470
1638 143 1470
1638 143 1471
1638 143 1472
1638 144 1473
1638 144 1474
1637 143 1474
1637 143 1475
1637 143 1476
1636 143 1476
1636 143 1477
1636 142 1477
1636 142 1478
1635 142 1478
1635 142 1479
1634 142 1479
1634 142 1480
1634 143 1480
1634 143 1481
1633 143 1481
1633 143 1482
1632 143 1482
1632 143 1483
1631 143 1483
1631 142 1484
1630 142 1484
1630 142 1485
1629 142 1486
1629 142 1487
1628 142 1487
1628 141 1487
1628 141 1488
1627 141 1488
1627 141 1489
1626 141 1489
1626 141 1490
1626 140 1490
1626 140 1491
1625 140 1491
1625 140 1492
1625 139 1492
1625 139 1493
1624 139 1493
1624 138 1493
1624 138 1494
1624 137 1494
1623 136 1494
1623 135 1495
1622 135 1496
1622 134 1496
1621 134 1497
1621 133 1497
1621 133 1498
1620 133 1498
1620 132 1498
1620 132 1499
1619 132 1499
1619 131 1500
1618 131 1500
1618 131 1501
1618 130 1501
1617 130 1501
1617 130 1502
1617 129 1502
1616 129 1502
1616 129 1503
1615 129 1503
1615 129 1504
1614 129 1504
1614 130 1505
1614 130 1506
1613 130 1506
1612 130 1507
1612 129 1507
1611 129 1508
1610 129 1508
1610 129 1509
1609 129 1509
1609 129 1510
1608 129 1510
1608 130 1511
1607 130 1511
1607 130 1512
1606 130 1512
1606 130 1513
1606 129 1513
1605 130 1513
1605 130 1514
1604 131 1514
1604 130 1514
1604 130 1515
1603 130 1515
1603 130 1516
1603 130 1517
1602 130 1517
1602 131 1517
1602 131 1518
1601 130 1519
1601 130 1520
1600 130 1520
1600 130 1521
1600 130 1522
1599 130 1522
1599 130 1523
1599 129 1523
1599 129 1524
1599 130 1524
1599 130 1525
1599 130 1526
1599 130 1527
1599 130 1528
1599 130 1529
1599 129 1529
1599 129 1530
1598 129 1530
1598 130 1530
1598 130 1531
1597 130 1531
1597 131 1532
1597 130 1532
1596 130 1532
1596 130 1533
1595 130 1533
1595 131 1534
1594 131 1534
1594 131 1535
1593 131 1535
1593 130 1535
1593 130 1534
1592 130 1534
1591 130 1534
1590 130 1534
1590 129 1534
1590 128 1534
1589 128 1534
1588 128 1534
1587 128 1534
1586 127 1534
1586 127 1533
1585 127 1533
1584 127 1533
1584 126 1533
1583 125 1533
1582 125 1533
1582 124 1533
1581 124 1533
1580 124 1533
1579 124 1533
1579 123 1533
1579 122 1533
1578 122 1533
1578 121 1533
1578 121 1532
1578 120 1532
1578 119 1532
1577 118 1532
1576 118 1532
1575 118 1532
1575 117 1532
1574 117 1531
1574 116 1531
1574 115 1531
1573 115 1531
1573 114 1531
1573 113 1531
1572 113 1531
1572 112 1531
1571 112 1530
1571 111 1530
1570 111 1530
1570 110 1530
1570 109 1530
1569 109 1529
1569 108 1529
1568 108 1529
1568 107 1529
1568 107 1528
1567 107 1528
1567 107 1527
1567 106 1527
1566 106 1527
1566 106 1526
1566 105 1526
1565 105 1526
1565 105 1525
1565 104 1525
1564 104 1525
1564 103 1525
1563 103 1524
1563 102 1524
1562 101 1524
1562 100 1523
1562 99 1523
1562 98 1523
1562 98 1522
1562 97 1522
1561 97 1521
1561 96 1521
1560 96 1521
1560 95 1521
1560 94 1521
1559 93 1521
1559 92 1521
1558 92 1521
1558 91 1521
1557 91 1521
1557 90 1521
1556 90 1521
1556 89 1521
1555 89 1521
1554 88 1521
1554 87 1521
1553 87 1521
1552 87 1521
1551 87 1521
1551 86 1521
1551 85 1521
1550 85 1521
1550 84 1521
1549 84 1521
1549 85 1521
1548 84 1521
1547 84 1521
1546 84 1521
1546 83 1521
1545 83 1521
1545 82 1521
1544 81 1521
1544 80 1521
1543 80 1521
1543 79 1521
1542 79 1521
1541 79 1521
1540 79 1521
1539 79 1521
1538 78 1521
1537 78 1521
1536 78 1521
1535 78 1521
1534 78 1521
1534 79 1521
1533 79 1521
1532 79 1521
1531 79 1521
1530 78 1521
1529 78 1521
1528 78 1521
1528 79 1521
1527 79 1521
1526 79 1521
1525 79 1521
1524 79 1521
1523 79 1521
1522 79 1521
1521 79 1522
1520 78 1522
1519 78 1522
1518 78 1522
1517 78 1522
1516 78 1522
1515 78 1522
1514 78 1522
1513 78 1522
1512 78 1522
1511 78 1522
1511 78 1523
1511 77 1523
1510 77 1523
1509 77 1523
1509 76 1523
1508 76 1523
1508 75 1523
1507 75 1523
1506 74 1523
1505 74 1523
1504 74 1523
1503 74 1523
1503 73 1523
1502 73 1523
1501 73 1523
1501 73 1524
1500 73 1524
1499 73 1524
1498 73 1524
1497 73 1524
1496 73 1524
1495 73 1524
1495 72 1524
1494 72 1524
1493 72 1524
1492 72 1524
1491 72 1524
1490 72 1525
1489 72 1525
1488 72 1525
1488 73 1525
1487 73 1525
1486 73 1525
1485 73 1525
1484 72 1525
1483 72 1525
1483 72 1526
1482 72 1526
1481 72 1526
1480 72 1526
1479 72 1526
1478 73 1526
1477 73 1526
1476 73 1526
1475 73 1527
1474 74 1527
1473 74 1527
1472 74 1527
1471 74 1527
1470 74 1527
1469 74 1528
1468 74 1528
1467 74 1528
1467 75 1528
1466 75 1528
1465 75 1528
1464 75 1528
1463 75 1528
1462 75 1528
1461 75 1528
1460 75 1528
1459 75 1528
1458 75 1528
1457 76 1528
1456 76 1528
1455 76 1528
1454 76 1528
1453 76 1528
1452 76 1528
1451 77 1529
1450 77 1529
1449 77 1529
1449 77 1530
1448 77 1530
1448 78 1530
1447 78 1530
1446 78 1530
1445 79 1531
1444 79 1531
1443 79 1531
1443 79 1532
1442 79 1532
1441 79 1532
1440 79 1532
1439 79 1533
1438 79 1533
1437 79 1534
1436 79 1534
1436 79 1535
1435 80 1535
1435 80 1536
1434 80 1536
1434 80 1537
1433 80 1537
1433 81 1537
1432 81 1537
1431 81 1537
1430 81 1537
1429 80 1538
1428 80 1538
1428 81 1538
1427 81 1538
1427 81 1539
1426 81 1539
1425 81 1539
1424 81 1539
1424 81 1540
1424 82 1540
1424 82 1541
1423 82 1541
1423 82 1542
1422 82 1542
1421 82 1542
1421 83 1542
1420 83 1542
1419 83 1542
1418 83 1542
1418 82 1542
1417 82 1542
1416 82 1542
1415 81 1542
1414 81 1542
1413 81 1542
1412 81 1542
1411 81 1542
1410 81 1542
1409 81 1543
1408 81 1543
1408 80 1543
1407 80 1543
1406 80 1543
1405 80 1543
1404 80 1543
1403 80 1543
1403 80 1544
1402 80 1544
1401 80 1544
1400 80 1544
1399 80 1544
1398 80 1544
1397 80 1544
1396 80 1545
1395 80 1545
1394 80 1545
1393 80 1545
1392 80 1545
1391 80 1545
1391 79 1546
1390 79 1546
1389 79 1546
1388 79 1546
1387 79 1546
1386 79 1546
1385 79 1547
1384 79 1547
1383 79 1547
1383 78 1547
1382 78 1547
1381 78 1547
1380 78 1547
1380 78 1548
1379 78 1548
1378 78 1548
1377 78 1548
1376 78 1548
1375 77 1548
1374 77 1549
1373 77 1549
1372 77 1549
1372 76 1549
1371 76 1549
1370 77 1549
1369 77 1549
1369 77 1550
1368 77 1550
1367 76 1550
1366 76 1550
1366 77 1550
1365 77 1550
1364 77 1550
1363 77 1551
1362 77 1551
1361 77 1551
1361 76 1551
1360 76 1551
1359 76 1551
1358 76 1552
1357 76 1552
1356 76 1552
1356 75 1552
1355 75 1552
1354 75 1552
1353 75 1552
1353 75 1553
1352 75 1553
1351 75 1553
1350 75 1553
1349 75 1553
1348 75 1553
1347 75 1553
1346 75 1553
1345 74 1553
1344 74 1553
1344 75 1553
1343 75 1553
1343 75 1552
1342 75 1552
1342 75 1551
1342 75 1550
1342 75 1549
1342 75 1548
1342 75 1547
1342 76 1546
1342 76 1545
1342 75 1544
1342 75 1543
1342 75 1542
1341 75 1541
1341 75 1540
1341 74 1540
1341 74 1539
1341 74 1538
1341 74 1537
1341 74 1536
1341 74 1535
1341 74 1534
1341 74 1533
1341 74 1532
1341 74 1531
1341 74 1530
1341 74 1529
1341 74 1528
1340 74 1528
1340 74 1527
1340 74 1526
1340 74 1525
1340 74 1524
1340 74 1523
1340 74 1522
1340 74 1521
1340 74 1520
1340 74 1519
1340 74 1518
1340 74 1517
1340 74 1516
1340 74 1515
1339 74 1515
1339 74 1514
1339 74 1513
1339 74 1512
1339 74 1511
1339 74 1510
1339 74 1509
1338 74 1508
1338 74 1507
1338 74 1506
1338 74 1505
1337 74 1504
1337 74 1503
1337 74 1502
1337 74 1501
1336 74 1501
1336 74 1500
1336 74 1499
1336 74 1498
1335 74 1498
1335 74 1497
1335 74 1496
1335 74 1495
1334 74 1495
1334 74 1494
1334 74 1493
1334 74 1492
1333 74 1491
1333 74 1490
1333 75 1489
1332 75 1488
1332 75 1487
1332 75 1486
1331 75 1486
1331 75 1485
1331 75 1484
1331 75 1483
1330 75 1483
1330 75 1482
1330 75 1481
1330 75 1480
1329 75 1480
1329 75 1479
1329 76 1479
1329 76 1478
1329 76 1477
1328 76 1476
1328 76 1475
1328 76 1474
1327 76 1473
1327 77 1472
1327 77 1471
1327 77 1470
1327 77 1469
1327 77 1468
1326 77 1468
1326 77 1467
1326 78 1466
1326 78 1465
1326 78 1464
1325 78 1464
1325 78 1463
1325 78 1462
1325 79 1462
1325 79 1461
1324 79 1461
1324 79 1460
1323 79 1460
1323 80 1460
1322 80 1460
1322 80 1459
1321 80 1459
1321 80 1458
1321 81 1458
1321 81 1457
1320 81 1457
1320 81 1456
1320 82 1455
1320 82 1454
1319 82 1453
1319 82 1452
1318 83 1452
1318 83 1451
1317 83 1451
1317 83 1450
1316 84 1450
1315 84 1449
1315 85 1448
1316 85 1448
1316 85 1447
1317 85 1447
1318 85 1447
1318 86 1447
1318 85 1447
1318 85 1446
1318 86 1446
1317 86 1445
1317 87 1444
1317 87 1443
1317 87 1442
1317 88 1441
1317 88 1440
1316 88 1440
1316 88 1439
1316 88 1438
1316 89 1437
1316 89 1436
1316 89 1435
1316 90 1434
1316 90 1433
1316 89 1432
1316 89 1431
1316 89 1430
1316 89 1429
1316 89 1428
1316 89 1427
1316 89 1426
1316 89 1425
1316 89 1424
1316 90 1423
1316 90 1422
1315 90 1422
1315 90 1421
1315 90 1420
1315 90 1419
1315 91 1418
1314 91 1418
1314 91 1417
1314 91 1416
1314 92 1415
1314 92 1414
1314 92 1413
1314 92 1412
1314 92 1411
1314 92 1410
1314 92 1409
1314 91 1409
1314 91 1408
1314 90 1408
1314 90 1407
1314 90 1406
1314 89 1406
1314 89 1405
1314 90 1404
1314 89 1404
1314 89 1403
1315 89 1403
1315 90 1402
1315 90 1401
1315 90 1400
1315 90 1399
1316 90 1398
1316 90 1397
1316 90 1396
1316 90 1395
1316 90 1394
1317 89 1394
1317 89 1393
1317 89 1392
1317 89 1391
1317 89 1390
1318 89 1390
1318 89 1389
1318 88 1389
1318 88 1388
1318 88 1387
1318 88 1386
1319 88 1385
1319 87 1384
1319 87 1383
1319 87 1382
1319 87 1381
1320 87 1381
1320 87 1380
1320 87 1379
1320 86 1379
1320 86 1378
1320 86 1377
1321 86 1377
1321 86 1376
1321 85 1375
1321 85 1374
1321 85 1373
1322 85 1373
1322 85 1372
1322 85 1371
1322 84 1371
1322 84 1370
1322 84 1369
1323 84 1369
1323 83 1368
1323 83 1367
1323 83 1366
1323 83 1365
1323 83 1364
1323 82 1364
1324 82 1364
1324 82 1363
1324 82 1362
1324 82 1361
1324 82 1360
1324 82 1359
1324 81 1359
1324 81 1358
1325 81 1358
1325 81 1357
1325 81 1356
1325 81 1355
1325 81 1354
1325 81 1353
1325 81 1352
1326 81 1352
1326 81 1351
1326 80 1350
1326 80 1349
1326 80 1348
1326 80 1347
1326 79 1347
1326 79 1346
1327 79 1346
1327 79 1345
1327 79 1344
1327 79 1343
1327 79 1342
1328 80 1341
1328 80 1340
1329 80 1340
1329 79 1339
1330 79 1338
1331 79 1338
1331 79 1337
1332 79 1336
1332 79 1335
1333 79 1334
1333 80 1334
1333 80 1333
1334 80 1332
1334 80 1331
1334 80 1330
1335 81 1330
1335 81 1329
1335 81 1328
1336 81 1328
1336 82 1328
1336 82 1327
1336 82 1326
1337 82 1326
1337 82 1325
1337 82 1324
1336 83 1324
1336 83 1323
1337 83 1323
1337 83 1322
1337 83 1321
1337 84 1321
1337 84 1320
1338 84 1320
1338 84 1319
1339 85 1319
1339 85 1318
1340 86 1318
1340 86 1317
1340 85 1317
1340 86 1317
1340 87 1317
1340 87 1316
1340 86 1316
1341 87 1316
1342 87 1315
1343 88 1315
1343 88 1314
1344 88 1314
1344 89 1314
1345 89 1314
1345 89 1313
1345 90 1313
1346 90 1313
1346 90 1312
1347 91 1312
1347 91 1311
1348 91 1311
1348 90 1311
1348 91 1311
1348 91 1310
1348 92 1310
1348 91 1310
1349 91 1310
1349 92 1310
1350 92 1310
1351 92 1310
1351 92 1309
1352 93 1309
1353 93 1309
1353 94 1309
1354 94 1309
1355 94 1309
1355 94 1308
1356 95 1308
1356 95 1307
1357 95 1307
1358 96 1307
1359 96 1307
1359 96 1306
1359 96 1307
1360 96 1307
1360 97 1307
1361 97 1307
1362 97 1307
1362 98 1307
1362 97 1307
1363 97 1307
1363 98 1307
1364 98 1307
1365 98 1307
1366 98 1307
1366 99 1307
1367 99 1307
1368 99 1307
1369 100 1307
1370 100 1307
1371 100 1307
1372 100 1307
1372 101 1307
1373 101 1307
1374 101 1307
1374 102 1307
1375 102 1307
1376 103 1307
1377 103 1307
1378 103 1307
1378 104 1307
1379 104 1307
1380 104 1306
1380 105 1306
