1436 134 1173
1435 134 1173
1434 134 1173
1434 134 1172
1433 134 1172
1432 134 1172
1431 134 1172
1431 134 1171
1430 134 1171
1430 134 1170
1429 134 1170
1429 134 1169
1428 134 1168
1427 134 1168
1427 133 1167
1426 133 1167
1425 133 1167
1425 133 1166
1425 132 1166
1424 132 1166
1423 132 1166
1422 132 1166
1422 132 1165
1421 132 1165
1420 132 1165
1419 132 1165
1419 133 1165
1418 133 1165
1417 133 1165
1417 134 1165
1417 133 1165
1416 133 1165
1415 133 1165
1414 133 1165
1413 133 1165
1412 133 1165
1412 132 1165
1411 132 1165
1410 132 1165
1409 132 1165
1408 132 1165
1407 132 1165
1406 132 1165
1405 132 1166
1404 132 1166
1403 132 1166
1403 131 1166
1402 131 1166
1401 131 1166
1401 131 1167
1400 131 1167
1399 131 1167
1398 131 1167
1397 131 1167
1397 131 1168
1396 131 1168
1395 131 1168
1394 131 1168
1393 131 1169
1392 131 1169
1391 132 1169
1390 132 1169
1390 132 1170
1389 132 1170
1389 133 1170
1388 133 1170
1387 133 1171
1386 133 1171
1386 134 1171
1386 135 1171
1386 134 1171
1385 134 1172
1385 135 1172
1384 135 1172
1383 135 1172
1382 135 1172
1382 134 1172
1381 134 1172
1381 135 1172
1380 135 1172
1379 135 1172
1378 135 1172
1377 136 1172
1376 136 1172
1375 136 1172
1374 136 1172
1373 136 1172
1372 136 1172
1371 136 1172
1370 137 1172
1369 137 1172
1369 137 1173
1369 138 1173
1368 138 1173
1368 138 1174
1367 138 1174
1367 138 1175
1366 139 1175
1365 139 1175
1364 139 1175
1363 139 1175
1362 139 1175
1361 139 1175
1360 139 1175
1359 140 1175
1358 140 1175
1357 141 1175
1356 141 1175
1355 141 1175
1354 141 1175
1354 142 1175
1353 142 1175
1352 143 1175
1351 143 1175
1350 143 1175
1349 143 1175
1349 144 1175
1348 144 1175
1347 144 1175
1346 145 1175
1345 145 1175
1344 145 1175
1344 144 1175
1343 144 1175
1342 144 1175
1341 144 1175
1340 144 1175
1339 144 1175
1338 144 1175
1337 144 1175
1336 144 1175
1335 143 1175
1334 143 1175
1333 143 1175
1333 144 1175
1332 144 1175
1331 144 1175
1331 143 1175
1330 143 1175
1329 143 1175
1328 143 1175
1328 143 1176
1327 143 1176
1326 143 1176
1325 143 1176
1324 143 1176
1323 143 1176
1323 144 1176
1323 144 1177
1322 144 1177
1321 144 1177
1320 144 1177
1319 144 1177
1318 144 1177
1317 144 1177
1317 145 1177
1316 145 1177
1315 145 1177
1314 144 1177
1313 144 1177
1313 145 1177
1312 145 1177
1311 145 1177
1311 145 1176
1310 145 1176
1309 145 1176
1308 145 1176
1308 144 1176
1307 144 1176
1306 144 1175
1306 143 1175
1306 144 1175
1305 144 1175
1304 144 1175
1304 143 1175
1303 143 1175
1303 142 1175
1303 142 1174
1302 141 1174
1302 140 1174
1302 141 1174
1301 141 1174
1301 140 1174
1300 140 1174
1300 139 1174
1299 139 1174
1298 139 1174
1298 139 1173
1297 139 1173
1296 140 1173
1295 140 1173
1295 141 1173
1295 140 1173
1294 140 1173
1293 140 1173
1292 141 1173
1291 141 1173
1290 141 1173
1290 140 1173
1289 140 1172
1288 140 1172
1287 140 1172
1286 140 1172
1285 140 1172
1285 139 1172
1284 139 1172
1284 140 1172
1284 141 1172
1284 140 1172
1283 140 1172
1282 140 1172
1282 139 1172
1281 140 1172
1281 140 1171
1280 140 1171
1279 140 1171
1279 141 1171
1278 141 1171
1277 141 1171
1276 141 1171
1275 141 1171
1274 141 1171
1273 141 1171
1272 141 1171
1271 141 1171
1271 141 1170
1270 141 1170
1269 141 1170
1268 141 1170
1267 141 1170
1267 140 1170
1266 140 1170
1265 140 1170
1265 140 1169
1264 140 1169
1264 139 1169
1264 140 1169
1263 140 1169
1262 140 1169
1262 139 1169
1261 139 1169
1261 138 1169
1261 137 1169
1260 137 1169
1259 137 1169
1259 137 1168
1258 136 1168
1257 136 1168
1257 135 1168
1256 135 1168
1256 134 1168
1256 133 1168
1255 133 1168
1255 132 1168
1254 132 1168
1253 132 1168
1253 131 1168
1252 131 1168
1252 130 1167
1252 129 1167
1251 128 1167
1250 128 1167
1249 128 1167
1249 127 1167
1248 127 1167
1248 126 1166
1248 125 1166
1247 125 1166
1246 125 1166
1245 125 1165
1245 124 1165
1244 124 1165
1244 123 1165
1244 122 1164
1243 122 1164
1243 121 1164
1243 121 1163
1243 120 1163
1243 119 1163
1243 118 1163
1242 118 1163
1242 118 1162
1241 118 1162
1241 117 1162
1241 116 1161
1240 116 1161
1240 115 1161
1240 114 1161
1240 113 1160
1239 112 1160
1239 111 1160
1239 110 1160
1239 109 1160
1239 108 1160
1238 107 1159
1238 106 1159
1237 106 1159
1236 106 1158
1236 105 1158
1235 105 1158
1235 104 1158
1234 104 1158
1234 104 1157
1234 103 1157
1233 103 1157
1232 103 1156
1231 103 1156
1231 103 1155
1231 102 1155
1230 101 1155
1230 100 1155
1230 100 1156
1230 100 1157
1230 99 1157
1229 99 1157
1228 99 1157
1228 98 1157
1227 98 1157
1226 98 1157
1225 97 1156
1225 96 1156
1224 95 1156
1224 94 1156
1224 93 1156
1223 93 1156
1223 92 1156
1222 92 1156
1221 91 1156
1221 91 1157
1221 90 1157
1220 90 1157
1219 89 1157
1218 89 1157
1218 88 1157
1217 88 1157
1217 88 1158
1216 87 1158
1215 87 1158
1214 87 1158
1214 86 1158
1214 86 1159
1213 86 1159
1212 86 1159
1212 86 1160
1211 86 1160
1211 85 1160
1210 85 1160
1210 84 1160
1210 84 1161
1209 84 1161
1209 83 1161
1208 83 1161
1208 83 1162
1207 83 1162
1207 82 1162
1206 82 1162
1206 82 1163
1205 81 1163
1204 81 1163
1204 81 1164
1203 81 1164
1202 80 1164
1201 80 1164
1201 80 1165
1200 80 1165
1199 80 1166
1199 81 1166
1199 80 1166
1198 80 1166
1198 81 1166
1197 81 1166
1197 81 1165
1196 80 1165
1195 79 1165
1194 79 1165
1194 78 1165
1193 78 1165
1192 78 1165
1191 78 1165
1191 77 1164
1190 77 1164
1189 77 1164
1188 77 1164
1187 77 1164
1186 77 1164
1185 76 1164
1184 76 1164
1183 76 1164
1182 76 1163
1181 76 1163
1180 76 1163
1179 76 1163
1178 76 1163
1177 76 1163
1176 76 1163
1175 76 1163
1175 75 1163
1175 75 1162
1174 75 1162
1173 75 1162
1173 75 1161
1172 75 1161
1172 75 1160
1171 75 1160
1170 75 1159
1169 75 1158
1168 75 1157
1167 75 1156
1166 75 1156
1166 75 1155
1165 75 1155
1165 75 1154
1164 75 1154
1163 75 1154
1162 75 1153
1161 75 1153
1160 75 1153
1159 75 1153
1158 75 1153
1158 74 1153
1157 74 1153
1156 74 1153
1155 74 1153
1154 74 1153
1153 74 1153
1152 74 1153
1151 74 1153
1150 74 1153
1149 74 1154
1148 74 1154
1147 74 1154
1146 74 1154
1145 74 1154
1144 74 1154
1144 73 1154
1143 73 1154
1143 73 1155
1142 73 1155
1141 73 1155
1140 73 1155
1139 73 1155
1138 73 1155
1137 73 1155
1137 73 1156
1136 73 1156
1135 73 1156
1134 73 1156
1133 73 1156
1132 73 1156
1131 73 1156
1131 73 1157
1130 73 1157
1129 73 1157
1129 72 1157
1128 72 1157
1127 72 1157
1127 72 1158
1126 72 1158
1125 72 1158
1124 72 1159
1123 72 1160
1122 72 1161
1121 72 1161
1121 72 1162
1120 72 1162
1120 72 1163
1119 72 1163
1118 72 1163
1117 72 1163
1116 72 1163
1115 72 1163
1114 72 1163
1113 72 1163
1112 72 1163
1111 72 1163
1110 71 1163
1109 71 1163
1108 71 1163
1107 71 1163
1106 71 1163
1106 71 1162
1105 71 1162
1104 72 1162
1103 73 1162
1102 73 1162
1102 72 1162
1101 73 1162
1100 73 1162
1099 73 1162
1098 73 1162
1097 73 1162
1096 73 1162
1095 73 1162
1094 73 1162
1093 73 1161
1092 73 1161
1091 73 1161
1090 73 1161
1089 73 1161
1088 73 1162
1087 73 1162
1086 73 1162
1156 27 1159
1155 27 1159
1154 27 1159
