1028 31 1159
1027 31 1159
1026 31 1159
1455 116 1402
1454 116 1402
1453 116 1402
1453 116 1401
1452 116 1401
1451 116 1401
1450 116 1401
1450 117 1401
1449 117 1401
1449 118 1401
1448 117 1401
1448 118 1401
1448 118 1402
1448 119 1402
1447 119 1402
1446 119 1403
1446 120 1403
1446 121 1403
1445 121 1403
1445 121 1402
1444 121 1402
1444 121 1401
1444 121 1400
1444 122 1400
1444 123 1400
1444 122 1400
1444 122 1401
1444 123 1401
1443 123 1401
1443 123 1402
1444 123 1401
1444 124 1400
1445 123 1400
1445 124 1400
1445 124 1399
1446 124 1398
1446 124 1397
1447 123 1396
1447 123 1395
1447 123 1394
1448 123 1394
1448 122 1394
1448 122 1393
1448 122 1392
1449 122 1392
1449 121 1392
1449 121 1391
1449 120 1391
1449 120 1390
1449 119 1389
1449 118 1388
1449 118 1387
1449 117 1386
1450 117 1385
1450 116 1385
1450 115 1384
1450 115 1383
1451 115 1383
1451 114 1383
1451 114 1382
1452 114 1382
1452 113 1382
1452 113 1381
1453 113 1381
1453 112 1381
1454 112 1380
1455 112 1380
1455 112 1379
1456 111 1379
1457 111 1379
1457 110 1378
1458 110 1378
1458 110 1377
1459 110 1377
1459 109 1377
1460 109 1377
1460 109 1376
1461 108 1376
1462 108 1376
1462 108 1375
1463 107 1375
1463 107 1374
1464 107 1374
1465 106 1374
1465 106 1373
1466 106 1373
1466 106 1372
1467 106 1372
1467 105 1372
1468 105 1372
1468 105 1371
1469 104 1371
1469 104 1370
1470 103 1370
1471 103 1370
1471 103 1369
1472 102 1369
1473 102 1369
1474 101 1368
1475 101 1368
1476 100 1368
1476 100 1367
1477 100 1367
1478 100 1367
1478 99 1367
1479 99 1366
1480 99 1366
1481 98 1366
1481 98 1365
1482 98 1365
1483 98 1365
1483 97 1365
1483 97 1364
1484 97 1364
1485 97 1364
1485 96 1364
1485 96 1363
1486 96 1363
1487 96 1363
1487 96 1362
1488 96 1362
1488 95 1362
1489 95 1361
1489 95 1360
1490 95 1360
1490 95 1359
1490 95 1358
1491 94 1358
1492 94 1357
1492 94 1356
1492 93 1355
1493 94 1354
1494 94 1353
1495 94 1352
1496 94 1352
1496 94 1351
1497 94 1351
1497 94 1350
1498 94 1350
1498 93 1349
1499 93 1349
1499 93 1348
1500 92 1348
1500 93 1348
1501 93 1347
1501 94 1347
1502 94 1346
1503 94 1346
1503 93 1345
1504 92 1345
1504 93 1344
1505 93 1344
1505 94 1343
1506 93 1343
1506 93 1342
1507 92 1342
1508 92 1342
1508 92 1341
1508 93 1341
1509 93 1341
1509 93 1340
1510 92 1340
1510 92 1339
1510 91 1339
1511 91 1339
1511 90 1339
1511 90 1338
1512 90 1338
1512 89 1338
1513 89 1337
1514 89 1337
1514 89 1336
1515 89 1336
1515 89 1335
1516 89 1335
1517 89 1334
1517 90 1334
1517 90 1333
1518 91 1333
1519 91 1333
1519 90 1332
1520 90 1331
1520 89 1330
1521 89 1330
1522 89 1330
1522 90 1329
1523 90 1329
1523 91 1329
1524 91 1329
1524 90 1328
1525 90 1328
1525 91 1328
1526 91 1328
1526 91 1327
1527 91 1327
1528 90 1327
1528 90 1326
1528 89 1326
1529 89 1326
1529 90 1326
1530 90 1326
1530 89 1325
1531 90 1325
1532 90 1324
1533 90 1324
1533 90 1323
1534 90 1323
1534 90 1322
1535 89 1322
1535 90 1322
1535 90 1321
1535 89 1321
1536 89 1321
1536 90 1321
1536 90 1320
1537 90 1320
1537 89 1319
1538 89 1319
1538 90 1319
1538 90 1318
1538 91 1318
1538 90 1318
1539 90 1318
1539 89 1317
1540 89 1317
1540 90 1317
1541 90 1317
1541 90 1316
1542 90 1316
1542 89 1315
1543 89 1315
1544 89 1314
1544 90 1314
1544 90 1313
1544 89 1312
1544 88 1312
1544 88 1311
1545 88 1311
1545 88 1310
1545 89 1310
1545 89 1309
1546 89 1309
1546 90 1308
1547 90 1308
1548 90 1308
1548 91 1307
1549 91 1307
1549 92 1306
1549 91 1305
1550 91 1305
1550 90 1305
1551 89 1304
1551 88 1304
1551 88 1303
1551 87 1303
1552 87 1302
1553 86 1302
1553 85 1302
1554 85 1302
1554 84 1301
1555 84 1301
1556 84 1301
1556 83 1301
1557 83 1301
1557 82 1301
1558 82 1301
1558 82 1300
1559 81 1300
1559 80 1300
1560 80 1300
1560 79 1300
1560 78 1300
1561 78 1300
1561 77 1300
1561 76 1299
1561 75 1299
1562 75 1299
1563 75 1299
1564 75 1299
1564 74 1298
1565 74 1298
1565 73 1298
1566 73 1298
1567 73 1298
1567 72 1298
1568 72 1297
1568 71 1297
1569 71 1297
1570 71 1297
1571 70 1297
1571 71 1297
1571 71 1296
1572 71 1296
1573 71 1296
1574 71 1296
1574 71 1295
1575 71 1295
1576 71 1295
1577 71 1295
1577 70 1295
1577 70 1294
1578 70 1294
1578 71 1294
1579 71 1294
1580 71 1294
1581 71 1294
1582 71 1294
1583 71 1295
1584 71 1295
1585 71 1295
1586 72 1296
1587 72 1296
1587 73 1296
1588 73 1296
1589 73 1296
1589 73 1297
1590 74 1297
1591 74 1297
1592 74 1297
1592 74 1296
1593 74 1296
1594 74 1295
1593 74 1294
1594 74 1294
1594 74 1293
1594 74 1292
1594 75 1292
1595 75 1292
1595 75 1291
1595 75 1290
1595 75 1289
1596 75 1289
1596 75 1288
1596 75 1287
1596 75 1286
1596 75 1285
1596 75 1284
1596 75 1283
1596 76 1283
1596 76 1282
1596 76 1281
1596 76 1280
1597 75 1279
1597 76 1279
1597 76 1278
1597 76 1277
1597 76 1276
1596 76 1276
1596 76 1275
1596 76 1274
1596 76 1273
1596 76 1272
1596 76 1271
1596 76 1270
1596 76 1269
1596 76 1268
1596 76 1267
1596 76 1266
1596 76 1265
1596 76 1264
1596 76 1263
1597 76 1263
1597 76 1262
1597 75 1261
1597 75 1260
1598 75 1259
1598 75 1258
1598 74 1258
1598 74 1257
1598 74 1256
1599 74 1256
1599 74 1255
1599 73 1255
1599 73 1254
1599 73 1253
1600 73 1253
1600 73 1252
1600 72 1251
1600 72 1250
1601 72 1250
1601 72 1249
1601 72 1248
1601 72 1247
1602 72 1247
1602 71 1246
1602 71 1245
1602 71 1244
1602 71 1243
1603 71 1243
1603 71 1242
1603 71 1241
1603 70 1241
1603 70 1240
1604 70 1240
1604 70 1239
1604 70 1238
1604 70 1237
1605 70 1237
1605 70 1236
1605 70 1235
1606 70 1234
1606 70 1233
1606 69 1233
1607 69 1232
1607 69 1231
1608 69 1231
1608 69 1230
1609 69 1230
1609 69 1229
1610 69 1229
1610 69 1228
1611 69 1228
1612 69 1227
1613 69 1227
1613 69 1226
1614 69 1226
1615 69 1226
1615 69 1225
1616 69 1225
1617 69 1225
1617 69 1224
1618 69 1224
1619 69 1224
1619 69 1223
1620 69 1223
1621 69 1222
1622 69 1222
1623 69 1221
1624 69 1221
1625 69 1221
1625 69 1220
1626 69 1220
1627 69 1219
1628 69 1219
1629 68 1218
1629 69 1218
1630 69 1218
1630 69 1217
1631 69 1217
1631 69 1216
1632 69 1216
1632 69 1215
1633 69 1214
1633 69 1213
1633 69 1212
1634 69 1212
1634 69 1211
1634 69 1210
1634 68 1210
1635 68 1209
1635 69 1209
1635 68 1208
1636 68 1207
1636 69 1207
1636 69 1206
1637 69 1206
1637 69 1205
1638 69 1205
1638 69 1204
1639 69 1204
1639 69 1203
1640 69 1202
1640 69 1201
1641 69 1201
1641 69 1200
1641 69 1199
1642 69 1199
1642 69 1198
1643 69 1197
1643 69 1196
1644 69 1195
1644 69 1194
1645 69 1194
1645 70 1193
1646 70 1192
1646 70 1191
1647 70 1191
1647 71 1191
1647 71 1190
1648 71 1189
1648 72 1189
1648 72 1188
1649 72 1188
1649 71 1187
1649 72 1187
1649 73 1186
1649 73 1185
1650 73 1185
1650 73 1184
1650 74 1184
1650 74 1183
1651 74 1183
1651 74 1182
1651 75 1182
1651 76 1182
1651 75 1182
1652 76 1181
1652 76 1180
1652 77 1180
1652 76 1180
1653 76 1180
1653 76 1179
1653 77 1179
1653 77 1178
1654 77 1177
1654 78 1176
1654 79 1176
1654 78 1176
1654 79 1175
1654 80 1175
1655 80 1175
1655 81 1175
1655 81 1174
1656 81 1174
1656 82 1174
1657 81 1173
1657 82 1173
1657 83 1173
1657 83 1172
1658 83 1172
1658 84 1172
1658 83 1172
1658 84 1172
1658 84 1171
1658 85 1171
1658 84 1171
1658 85 1171
1659 85 1171
1660 85 1171
1660 86 1171
1660 86 1170
1661 86 1170
1661 87 1170
1662 87 1170
1662 88 1170
1663 88 1170
1664 88 1170
1664 87 1170
1665 87 1170
1666 87 1170
1667 87 1170
1668 87 1170
1669 87 1170
1670 87 1170
1671 87 1171
1672 87 1171
