-12053, 30, 12571
-12053, 30, 12570
-12053, 29, 12570
-12054, 29, 12570
-12054, 29, 12569
-12054, 28, 12569
-12055, 28, 12568
-12055, 27, 12568
-12056, 26, 12567
-12056, 26, 12566
-12056, 25, 12566
-12057, 25, 12566
-12057, 25, 12565
-12057, 24, 12565
-12057, 24, 12564
-12057, 24, 12563
-12057, 23, 12563
-12058, 23, 12563
-12058, 23, 12562
-12058, 22, 12562
-12058, 22, 12561
-12058, 22, 12560
-12058, 21, 12560
-12058, 21, 12559
-12059, 21, 12559
-12059, 20, 12558
-12059, 20, 12557
-12059, 19, 12557
-12059, 19, 12556
-12060, 19, 12556
-12060, 19, 12555
-12060, 18, 12555
-12060, 18, 12554
-12061, 18, 12553
-12061, 17, 12552
-12061, 17, 12551
-12062, 17, 12551
-12062, 17, 12550
-12062, 17, 12549
-12063, 17, 12549
-12063, 17, 12548
-12063, 17, 12547
-12064, 17, 12547
-12064, 17, 12546
-12064, 17, 12545
-12065, 17, 12544
-12065, 16, 12544
-12065, 16, 12543
-12066, 16, 12543
-12066, 16, 12542
-12066, 16, 12541
-12067, 16, 12541
-12067, 16, 12540
-12068, 16, 12539
-12068, 16, 12538
-12069, 16, 12538
-12070, 16, 12538
-12070, 16, 12537
-12071, 16, 12537
-12071, 16, 12536
-12072, 16, 12536
-12072, 15, 12536
-12072, 14, 12535
-12073, 14, 12535
-12074, 14, 12535
-12074, 15, 12535
-12074, 16, 12535
-12075, 16, 12535
-12075, 17, 12535
-12076, 17, 12535
-12076, 18, 12536
-12077, 18, 12536
-12077, 19, 12536
-12078, 19, 12536
-12078, 20, 12536
-12079, 20, 12536
-12079, 21, 12536
-12080, 21, 12536
-12080, 22, 12536
-12081, 22, 12536
-12082, 22, 12536
-12082, 23, 12536
-12083, 23, 12536
-12083, 24, 12536
-12084, 24, 12536
-12084, 25, 12536
-12084, 25, 12535
-12085, 25, 12535
-12085, 26, 12535
-12086, 26, 12535
-12086, 26, 12534
-12086, 27, 12534
-12087, 27, 12534
-12087, 27, 12533
-12087, 28, 12533
-12088, 28, 12533
-12088, 28, 12532
-12089, 28, 12532
-12089, 28, 12531
-12090, 28, 12531
-12090, 28, 12530
-12090, 29, 12530
-12090, 29, 12529
-12091, 30, 12529
-12091, 30, 12528
-12091, 31, 12528
-12091, 31, 12527
-12091, 32, 12527
-12092, 32, 12527
-12092, 33, 12526
-12092, 34, 12525
-12092, 35, 12525
-12093, 35, 12525
-12093, 35, 12524
-12093, 35, 12523
-12093, 35, 12522
-12093, 35, 12521
-12094, 35, 12521
-12094, 35, 12520
-12094, 35, 12519
-12094, 35, 12518
-12094, 34, 12517
-12094, 34, 12516
-12095, 34, 12516
-12095, 34, 12515
-12095, 33, 12515
-12095, 33, 12514
-12095, 33, 12513
-12095, 32, 12513
-12095, 32, 12512
-12096, 32, 12512
-12096, 32, 12511
-12096, 32, 12510
-12096, 31, 12510
-12096, 31, 12509
-12097, 31, 12509
-12097, 31, 12508
-12097, 30, 12507
-12097, 30, 12506
-12098, 30, 12506
-12098, 30, 12505
-12098, 30, 12504
-12098, 29, 12504
-12099, 29, 12504
-12099, 29, 12503
-12099, 29, 12502
-12100, 29, 12502
-12100, 28, 12501
-12101, 28, 12501
-12101, 28, 12500
-12102, 28, 12500
-12102, 27, 12500
-12102, 27, 12499
-12103, 27, 12499
-12104, 27, 12499
-12104, 27, 12498
-12105, 27, 12498
-12106, 27, 12498
-12107, 27, 12498
-12107, 27, 12497
-12107, 26, 12497
-12108, 26, 12497
-12109, 26, 12497
-12109, 26, 12496
-12110, 26, 12496
-12111, 26, 12496
-12111, 26, 12495
-12112, 26, 12495
-12113, 26, 12495
-12113, 26, 12494
-12113, 25, 12494
-12114, 25, 12494
-12114, 25, 12493
-12115, 25, 12493
-12116, 25, 12493
-12116, 25, 12492
-12117, 25, 12492
-12117, 25, 12491
-12118, 25, 12491
-12118, 25, 12490
-12119, 25, 12490
-12119, 25, 12489
-12120, 25, 12489
-12120, 25, 12488
-12121, 25, 12488
-12121, 25, 12487
-12122, 25, 12487
-12122, 25, 12486
-12123, 25, 12486
-12123, 25, 12485
-12124, 25, 12485
-12124, 25, 12484
-12125, 25, 12483
-12125, 24, 12483
-12126, 24, 12482
-12126, 24, 12481
-12127, 24, 12481
-12127, 24, 12480
-12128, 24, 12480
-12128, 24, 12479
-12129, 24, 12479
-12129, 24, 12478
-12130, 24, 12478
-12130, 23, 12478
-12131, 23, 12477
-12131, 22, 12477
-12131, 21, 12476
-12132, 21, 12476
-12131, 21, 12476
-12130, 21, 12476
-12130, 22, 12476
-12130, 23, 12476
-12129, 23, 12476
-12129, 24, 12476
-12129, 25, 12476
-12129, 25, 12475
-12129, 26, 12475
-12128, 26, 12475
-12128, 27, 12475
-12128, 27, 12474
-12128, 28, 12474
-12128, 29, 12474
-12128, 30, 12473
-12128, 31, 12473
-12128, 31, 12472
-12128, 32, 12472
-12128, 33, 12472
-12128, 34, 12471
-12128, 35, 12471
-12128, 36, 12471
-12127, 36, 12471
-12127, 36, 12470
-12127, 37, 12470
-12127, 38, 12470
-12126, 39, 12470
-12126, 40, 12470
-12125, 41, 12470
-12125, 42, 12470
-12125, 43, 12470
-12124, 43, 12470
-12124, 44, 12470
-12123, 45, 12470
-12122, 45, 12470
-12122, 46, 12470
-12121, 46, 12470
-12120, 46, 12470
-12120, 46, 12471
-12119, 46, 12471
-12119, 46, 12472
-12118, 46, 12472
-12118, 45, 12473
-12117, 45, 12473
-12117, 45, 12474
-12116, 45, 12474
-12115, 45, 12475
-12114, 45, 12476
-12113, 45, 12476
-12113, 45, 12477
-12112, 45, 12477
-12112, 45, 12478
-12111, 45, 12478
-12111, 45, 12479
-12110, 45, 12479
-12110, 45, 12480
-12109, 45, 12480
-12109, 45, 12481
-12108, 45, 12481
-12108, 44, 12481
-12108, 44, 12482
-12107, 44, 12482
-12107, 44, 12483
-12106, 44, 12483
-12106, 43, 12483
-12106, 43, 12484
-12106, 42, 12484
-12105, 42, 12484
-12105, 41, 12484
-12105, 41, 12485
-12104, 40, 12485
-12103, 40, 12486
-12102, 41, 12486
-12102, 41, 12487
-12101, 41, 12487
-12100, 41, 12487
-12099, 41, 12487
-12099, 41, 12488
-12099, 40, 12488
-12098, 40, 12488
-12097, 40, 12488
-12096, 40, 12488
-12096, 40, 12489
-12095, 40, 12489
-12094, 40, 12489
-12093, 40, 12489
-12092, 40, 12489
-12091, 40, 12489
-12091, 39, 12489
-12090, 39, 12489
-12089, 39, 12489
-12088, 39, 12489
-12087, 39, 12489
-12087, 39, 12488
-12087, 39, 12487
-12087, 39, 12486
-12087, 39, 12485
-12087, 38, 12485
-12087, 38, 12484
-12087, 38, 12483
-12087, 38, 12482
-12087, 37, 12481
-12087, 37, 12480
-12086, 37, 12480
-12086, 37, 12479
-12086, 37, 12478
-12086, 37, 12477
-12085, 37, 12477
-12084, 37, 12477
-12084, 37, 12476
-12083, 37, 12476
-12082, 37, 12476
-12081, 38, 12476
-12080, 38, 12476
-12079, 38, 12476
-12078, 38, 12476
-12077, 38, 12476
-12076, 38, 12476
-12075, 38, 12476
-12074, 38, 12476
-12073, 38, 12476
-12072, 38, 12476
-12071, 38, 12476
-12070, 38, 12476
-12069, 38, 12476
-12069, 37, 12476
