=== conduit2 ===
-12048, 50, 12476
-12048, 50, 12477
-12048, 51, 12477
-12048, 51, 12478
-12048, 52, 12478
-12048, 52, 12479
-12048, 52, 12480
-12048, 52, 12481
-12048, 52, 12482
-12048, 52, 12483
-12048, 53, 12483
-12048, 53, 12484
-12048, 53, 12485
-12048, 53, 12486
-12048, 53, 12487
-12048, 53, 12488
-12048, 53, 12489
-12048, 53, 12490
-12048, 53, 12491
-12048, 53, 12492
-12048, 53, 12493
-12048, 53, 12494
-12048, 53, 12495
-12048, 53, 12496
-12048, 53, 12497
-12048, 53, 12498
-12047, 53, 12498
-12047, 53, 12499
-12047, 52, 12499
-12047, 52, 12500
-12047, 52, 12501
-12047, 51, 12501