=== Conduit4 ===
-12048, 50, 12476
-12048, 50, 12475
-12048, 51, 12475
-12048, 51, 12474
-12048, 52, 12474
-12048, 52, 12473
-12048, 52, 12472
-12048, 52, 12471
-12048, 52, 12470
-12048, 52, 12469
-12048, 52, 12468
-12048, 52, 12467
-12048, 52, 12466
-12048, 52, 12465
-12048, 52, 12464
-12048, 52, 12463
-12048, 52, 12462
-12048, 52, 12461
-12048, 52, 12460
-12048, 52, 12459
-12048, 52, 12458
-12048, 52, 12457
-12048, 52, 12456
-12049, 52, 12456
-12049, 52, 12455
-12049, 52, 12454
-12049, 52, 12453
-12049, 52, 12452
-12049, 52, 12451
-12049, 51, 12451
-12049, 52, 12451
