=== conduit3 ===
-12048, 50, 12476
-12048, 50, 12475
-12048, 51, 12475
-12048, 52, 12474
-12048, 52, 12473
-12048, 52, 12472
-12048, 52, 12471
-12048, 52, 12470
-12048, 52, 12469
-12048, 52, 12468
-12048, 52, 12467
-12048, 52, 12466
-12048, 52, 12465
-12048, 52, 12464
-12048, 52, 12463
-12048, 52, 12462
-12048, 52, 12461
-12047, 52, 12461
-12047, 52, 12460
-12046, 52, 12460
-12045, 52, 12460
-12044, 52, 12460
-12043, 52, 12460
-12042, 52, 12460
-12041, 52, 12460
-12040, 52, 12460
-12039, 52, 12460
-12038, 52, 12460
-12037, 52, 12460
-12036, 52, 12460
-12035, 52, 12460
-12034, 52, 12460
-12033, 52, 12460
-12032, 52, 12460
-12032, 52, 12461
-12032, 52, 12462
-12032, 53, 12462
-12032, 53, 12463
-12032, 53, 12464
-12032, 53, 12465
-12032, 53, 12466
-12032, 52, 12467
-12031, 52, 12467
-12031, 53, 12467
-12030, 53, 12467
-12029, 53, 12467
-12028, 53, 12467
-12027, 53, 12467
-12026, 53, 12467
-12025, 53, 12467
-12024, 53, 12467
-12023, 53, 12467
-12022, 53, 12467
-12021, 53, 12467
-12020, 53, 12467
-12019, 53, 12467
-12018, 53, 12467
-12017, 53, 12467
-12016, 53, 12467
-12015, 53, 12467
-12014, 53, 12467
-12014, 53, 12468
-12014, 53, 12469
-12014, 53, 12470
-12014, 53, 12471
-12014, 53, 12472
-12014, 53, 12473
-12014, 54, 12473
-12014, 54, 12474
-12014, 54, 12475
-12014, 53, 12475
-12014, 53, 12476
-12014, 52, 12476
-12015, 52, 12476
-12015, 51, 12476
-12016, 51, 12476
-12016, 52, 12476
-12017, 52, 12476
-12017, 53, 12476
-12018, 53, 12476
-12019, 53, 12476
-12020, 53, 12476
-12021, 53, 12476
-12022, 53, 12476
-12022, 52, 12476
-12022, 53, 12476
-12022, 52, 12476
-12022, 53, 12476