=== conduit1 ===
-12048, 50, 12476
-12049, 50, 12476
-12049, 51, 12476
-12050, 51, 12476
-12050, 52, 12476
-12051, 52, 12476
-12052, 52, 12476
-12053, 52, 12476
-12054, 52, 12476
-12055, 52, 12476
-12056, 52, 12476
-12057, 52, 12476
-12058, 52, 12476
-12059, 52, 12476
-12060, 52, 12476
-12060, 53, 12476
-12061, 53, 12476
-12061, 52, 12476
-12062, 52, 12476
-12063, 52, 12476
-12064, 52, 12476
-12064, 52, 12477
-12064, 52, 12478
-12064, 53, 12478
-12064, 53, 12479
-12064, 53, 12480
-12064, 54, 12480
-12064, 54, 12481
-12064, 53, 12481
-12064, 53, 12482
-12064, 53, 12483
-12064, 52, 12483
-12064, 52, 12484
-12064, 51, 12484
-12064, 51, 12485
-12065, 51, 12485
-12066, 51, 12485
-12066, 52, 12485
-12067, 52, 12485
-12067, 53, 12485
-12068, 53, 12485
-12069, 53, 12485
-12070, 53, 12485
-12071, 53, 12485
-12072, 53, 12485
-12073, 53, 12485
-12074, 53, 12485
-12075, 53, 12485
-12076, 53, 12485
-12077, 53, 12485
-12078, 53, 12485
-12079, 53, 12485
-12080, 53, 12485
-12081, 53, 12485
-12082, 53, 12485
-12082, 53, 12484
-12082, 53, 12483
-12082, 53, 12482
-12082, 53, 12481
-12082, 53, 12480
-12082, 53, 12479
-12082, 53, 12478
-12082, 53, 12477
-12082, 53, 12476
-12081, 53, 12476
-12080, 53, 12476
-12079, 53, 12476
-12078, 53, 12476
-12077, 53, 12476
-12076, 53, 12476
-12075, 53, 12476